,Electricity,Income,Water,e_Cooking,e_Lighting,e_Refrigeration,e_Urban,i_Education_cat,i_Family_Size,i_HH_head_Age,i_HH_head_Sex,real_index,sw,w,wf
7,81.72010202825332,153809.33366165758,100.50501930186357,Cooking_yes,Lighting_yes,Refrigeration_yes,Urbanity_Urban,Education_Post_Secondary,Size_4,age_46_55,sex_female,7.0,51.0,1,14.432082921885296
11,88.7377290013557,181381.66645680348,130.92475609109889,Cooking_yes,Lighting_yes,Refrigeration_yes,Urbanity_Urban,Education_Post_Secondary,Size_3,age_46_55,sex_male,11.0,81.0,1,81.81159279303665
13,86.52871657054388,198818.7947234313,141.4670135062269,Cooking_yes,Lighting_yes,Refrigeration_yes,Urbanity_Urban,Education_Post_Secondary,Size_5,age_36_45,sex_male,13.0,81.0,1,3.093386019994224
14,78.33490468073384,159660.4606632923,116.244571977893,Cooking_no,Lighting_yes,Refrigeration_yes,Urbanity_Urban,Education_Post_Secondary,Size_2,age_26_35,sex_male,14.0,51.0,1,6.542362596545265
16,95.46039002392641,227525.120700983,162.8724523247369,Cooking_no,Lighting_yes,Refrigeration_yes,Urbanity_Urban,Education_College,Size_3,age_46_55,sex_male,16.0,81.0,1,76.94809392690962
17,79.02611068672041,172828.26973637316,123.4882821952748,Cooking_no,Lighting_yes,Refrigeration_yes,Urbanity_Urban,Education_Post_Secondary,Size_3,age_36_45,sex_male,17.0,51.0,1,120.49882376506127
18,83.98069226543187,184827.2687268816,139.61402893637108,Cooking_no,Lighting_yes,Refrigeration_yes,Urbanity_Urban,Education_Post_Secondary,Size_3,age_46_55,sex_male,18.0,81.0,1,82.40706550858164
20,82.61796224469558,189919.08904308296,138.37054887444944,Cooking_yes,Lighting_yes,Refrigeration_yes,Urbanity_Urban,Education_Post_Secondary,Size_3,age_46_55,sex_female,20.0,81.0,1,75.87949755062522
22,103.08308226936781,248184.7305356191,174.70885301627078,Cooking_yes,Lighting_yes,Refrigeration_yes,Urbanity_Urban,Education_College,Size_5,age_46_55,sex_female,22.0,81.0,1,4.610560939430837
28,97.00220338765699,272518.68576235237,197.3297490814169,Cooking_no,Lighting_yes,Refrigeration_yes,Urbanity_Urban,Education_College,Size_7,age_46_55,sex_male,28.0,81.0,1,18.944202225123774
30,91.96535546237476,208897.3851770832,152.8816494245146,Cooking_no,Lighting_yes,Refrigeration_yes,Urbanity_Urban,Education_College,Size_2,age_36_45,sex_male,30.0,81.0,1,23.256076743030178
31,95.06531391187912,226618.28547341184,161.2327481246804,Cooking_no,Lighting_yes,Refrigeration_yes,Urbanity_Urban,Education_College,Size_2,age_46_55,sex_female,31.0,81.0,1,36.23222324413891
33,93.27907117559141,207813.23775432745,151.7567733433481,Cooking_yes,Lighting_yes,Refrigeration_yes,Urbanity_Urban,Education_College,Size_2,age_36_45,sex_male,33.0,81.0,1,34.66060402748522
34,96.41375515086315,217936.40968111163,148.68027516543842,Cooking_yes,Lighting_yes,Refrigeration_yes,Urbanity_Urban,Education_College,Size_2,age_36_45,sex_female,34.0,81.0,1,29.7285087850737
35,94.94015641280696,217851.49383652085,152.04030309898047,Cooking_yes,Lighting_yes,Refrigeration_yes,Urbanity_Urban,Education_College,Size_2,age_46_55,sex_male,35.0,81.0,1,48.568845771005414
37,76.74676861507382,168651.6244762425,126.16185188058857,Cooking_yes,Lighting_yes,Refrigeration_yes,Urbanity_Rural,Education_High_School,Size_6,age_36_45,sex_male,37.0,1.0,1,67.6206907893178
38,78.55878400908455,174434.49183443756,126.26557218674822,Cooking_no,Lighting_yes,Refrigeration_yes,Urbanity_Urban,Education_Post_Secondary,Size_3,age_36_45,sex_male,38.0,51.0,1,115.49882376506127
43,98.89303071433508,212005.67808926426,149.7716624527608,Cooking_yes,Lighting_yes,Refrigeration_yes,Urbanity_Urban,Education_Post_Secondary,Size_5,age_46_55,sex_female,43.0,81.0,1,12.06953252110295
44,86.87602134793552,203714.30075587466,154.31981180792187,Cooking_no,Lighting_yes,Refrigeration_yes,Urbanity_Urban,Education_Post_Secondary,Size_5,age_46_55,sex_female,44.0,81.0,1,9.665005236647822
45,88.82554383406149,187009.14815981057,134.4728211698354,Cooking_yes,Lighting_yes,Refrigeration_yes,Urbanity_Urban,Education_Post_Secondary,Size_3,age_36_45,sex_female,45.0,81.0,1,79.97125580710497
46,90.89307079870036,181163.8818452467,137.76397247509428,Cooking_yes,Lighting_yes,Refrigeration_yes,Urbanity_Urban,Education_Post_Secondary,Size_3,age_36_45,sex_female,46.0,81.0,1,61.97125580710497
49,73.7209328729849,150738.09627897837,100.41416845602444,Cooking_no,Lighting_yes,Refrigeration_yes,Urbanity_Urban,Education_Post_Secondary,Size_4,age_46_55,sex_male,49.0,51.0,1,24.959650879841654
54,86.47567210465132,175571.74459424868,125.90082575335737,Cooking_yes,Lighting_yes,Refrigeration_yes,Urbanity_Urban,Education_Post_Secondary,Size_3,age_36_45,sex_male,54.0,51.0,1,131.90335104951646
56,90.61744757702309,214771.7068722748,167.46909947598806,Cooking_yes,Lighting_yes,Refrigeration_yes,Urbanity_Urban,Education_Post_Graduate,Size_3,age_46_55,sex_male,56.0,81.0,1,73.96585288727937
62,90.08934355122848,189650.38199139189,137.61447031723745,Cooking_yes,Lighting_yes,Refrigeration_yes,Urbanity_Urban,Education_Post_Secondary,Size_4,age_46_55,sex_male,62.0,81.0,1,9.364178164296781
64,93.64461601968542,197539.06008299006,143.77773758516318,Cooking_yes,Lighting_yes,Refrigeration_yes,Urbanity_Urban,Education_Post_Secondary,Size_3,age_66_75,sex_male,64.0,81.0,1,2.0791373244764504
66,92.56104122122092,186533.13086521605,132.246896722759,Cooking_yes,Lighting_yes,Refrigeration_yes,Urbanity_Urban,Education_Post_Secondary,Size_3,age_46_55,sex_male,66.0,81.0,1,79.81159279303665
68,99.63446215303986,245694.83266689442,178.0485729881961,Cooking_no,Lighting_yes,Refrigeration_yes,Urbanity_Urban,Education_College,Size_5,age_46_55,sex_male,68.0,81.0,1,14.138128897387325
69,92.46120677716128,222421.4649790458,163.4636258356886,Cooking_yes,Lighting_yes,Refrigeration_yes,Urbanity_Urban,Education_Post_Secondary,Size_6,age_46_55,sex_female,69.0,81.0,1,0.10646344013413812
71,94.23088926365874,202011.29042420376,144.33498359140657,Cooking_yes,Lighting_yes,Refrigeration_yes,Urbanity_Urban,Education_Post_Secondary,Size_5,age_36_45,sex_male,71.0,81.0,1,3.093386019994224
72,95.38700543234312,213549.38226572087,149.82257652120168,Cooking_yes,Lighting_yes,Refrigeration_yes,Urbanity_Urban,Education_College,Size_2,age_46_55,sex_male,72.0,81.0,1,36.568845771005414
75,92.59298191837787,225944.8225087,159.6061399109932,Cooking_no,Lighting_yes,Refrigeration_yes,Urbanity_Urban,Education_College,Size_3,age_46_55,sex_male,75.0,81.0,1,73.94809392690962
79,81.09327447370302,170935.73336577468,124.94379660765362,Cooking_no,Lighting_yes,Refrigeration_yes,Urbanity_Urban,Education_Post_Secondary,Size_2,age_46_55,sex_male,79.0,51.0,1,85.62329006822239
82,93.5650693234221,221374.61733870851,160.11086675337646,Cooking_no,Lighting_yes,Refrigeration_yes,Urbanity_Urban,Education_Post_Secondary,Size_7,age_36_45,sex_male,82.0,81.0,1,9.494932063275535
87,92.19567306489776,228933.87074409856,162.87578906532374,Cooking_yes,Lighting_yes,Refrigeration_yes,Urbanity_Urban,Education_College,Size_3,age_46_55,sex_male,87.0,81.0,1,83.35262121136464
88,85.48568529314508,172035.6775477934,116.73047662078685,Cooking_yes,Lighting_yes,Refrigeration_yes,Urbanity_Urban,Education_Post_Secondary,Size_6,age_46_55,sex_male,88.0,51.0,1,10.038558682545691
91,86.62132586895876,129965.72454935766,99.5024877421682,Cooking_yes,Lighting_yes,Refrigeration_yes,Urbanity_Urban,Education_High_School,Size_2,age_36_45,sex_male,91.0,31.0,1,54.82228685142664
92,94.90880790629505,225978.82781766352,173.8666822822351,Cooking_yes,Lighting_yes,Refrigeration_yes,Urbanity_Urban,Education_Post_Graduate,Size_5,age_36_45,sex_male,92.0,81.0,1,5.247646114236964
97,97.31877936744075,230121.8553609752,165.99174735882315,Cooking_yes,Lighting_yes,Refrigeration_yes,Urbanity_Urban,Education_College,Size_3,age_46_55,sex_female,97.0,81.0,1,70.42052596895314
98,84.99190513018502,174150.50564439368,126.1983547920084,Cooking_yes,Lighting_yes,Refrigeration_yes,Urbanity_Rural,Education_Post_Secondary,Size_2,age_36_45,sex_female,98.0,21.0,1,220.97514297476886
101,80.04477562293745,167998.81347917786,120.23903507464114,Cooking_no,Lighting_yes,Refrigeration_yes,Urbanity_Urban,Education_Post_Secondary,Size_2,age_36_45,sex_male,101.0,51.0,1,68.7150483247022
102,79.55699332075095,158049.03951010975,113.34843646858565,Cooking_no,Lighting_yes,Refrigeration_yes,Urbanity_Urban,Education_Post_Secondary,Size_2,age_26_35,sex_male,102.0,51.0,1,5.542362596545265
107,102.71498764862812,242879.2898120344,185.9327868703948,Cooking_no,Lighting_yes,Refrigeration_yes,Urbanity_Urban,Education_Post_Graduate,Size_6,age_46_55,sex_male,107.0,81.0,1,9.788291492333421
108,97.32751681090788,214986.367702721,160.2741921147956,Cooking_yes,Lighting_yes,Refrigeration_yes,Urbanity_Urban,Education_Post_Secondary,Size_6,age_46_55,sex_male,108.0,81.0,1,4.038558682545691
112,95.64264100736901,225754.4302656326,165.32760582666126,Cooking_yes,Lighting_yes,Refrigeration_yes,Urbanity_Urban,Education_College,Size_2,age_46_55,sex_female,112.0,81.0,1,39.63675052859398
113,96.39817653341908,229956.08309973055,166.49776247050917,Cooking_yes,Lighting_yes,Refrigeration_yes,Urbanity_Urban,Education_College,Size_3,age_46_55,sex_male,113.0,81.0,1,82.35262121136464
114,87.2972392098707,207884.77047266628,148.56887334894586,Cooking_no,Lighting_yes,Refrigeration_yes,Urbanity_Urban,Education_Post_Secondary,Size_5,age_46_55,sex_male,114.0,81.0,1,14.597100479059293
115,92.19365589994608,232819.10214250395,170.63709995011862,Cooking_no,Lighting_yes,Refrigeration_yes,Urbanity_Urban,Education_Post_Secondary,Size_8,age_46_55,sex_male,115.0,81.0,1,19.788720740775588
117,87.9350599516318,194986.35537840612,142.3413486995105,Cooking_no,Lighting_yes,Refrigeration_yes,Urbanity_Urban,Education_Post_Secondary,Size_5,age_36_45,sex_male,117.0,81.0,1,1.6888587355390907
118,94.67835045215068,190033.40833481555,143.04467558705358,Cooking_yes,Lighting_yes,Refrigeration_yes,Urbanity_Urban,Education_Post_Secondary,Size_4,age_36_45,sex_male,118.0,81.0,1,1.455936420776565
122,91.47494810363966,216292.5582507004,156.08255850894184,Cooking_no,Lighting_yes,Refrigeration_yes,Urbanity_Urban,Education_College,Size_3,age_36_45,sex_male,122.0,81.0,1,74.03985218338931
123,101.09112417898056,245460.7855914193,168.92166079395443,Cooking_yes,Lighting_yes,Refrigeration_yes,Urbanity_Urban,Education_College,Size_5,age_46_55,sex_male,123.0,81.0,1,11.542656181842325
126,87.03472514279386,210813.01466540122,150.2539674536125,Cooking_no,Lighting_yes,Refrigeration_yes,Urbanity_Urban,Education_College,Size_2,age_36_45,sex_female,126.0,81.0,1,23.323981500618714
129,102.2598395351006,251171.63664530625,176.5672488373587,Cooking_yes,Lighting_yes,Refrigeration_yes,Urbanity_Urban,Education_College,Size_5,age_46_55,sex_female,129.0,81.0,1,2.6105609394308367
136,99.11941864661483,220628.8167439423,153.67814494435598,Cooking_no,Lighting_yes,Refrigeration_yes,Urbanity_Urban,Education_College,Size_3,age_36_45,sex_female,136.0,81.0,1,57.10775694097788
137,97.26408399896731,226747.542959093,163.38778275177626,Cooking_no,Lighting_yes,Refrigeration_yes,Urbanity_Urban,Education_College,Size_3,age_46_55,sex_male,137.0,81.0,1,98.94809392690962
138,91.692556993283,232576.8383897178,165.66097971145385,Cooking_no,Lighting_yes,Refrigeration_yes,Urbanity_Urban,Education_College,Size_3,age_46_55,sex_female,138.0,81.0,1,76.01599868449813
140,93.0910825037385,185396.2119045167,137.31914778801286,Cooking_yes,Lighting_yes,Refrigeration_yes,Urbanity_Urban,Education_Post_Secondary,Size_3,age_46_55,sex_female,140.0,81.0,1,71.87949755062522
141,97.296437786621,249985.3033590031,177.45849553662015,Cooking_yes,Lighting_yes,Refrigeration_yes,Urbanity_Urban,Education_Post_Secondary,Size_9,age_46_55,sex_female,141.0,81.0,1,8.736483546534885
143,97.25056717176442,229570.82747464575,160.27991621395452,Cooking_yes,Lighting_yes,Refrigeration_yes,Urbanity_Urban,Education_Post_Secondary,Size_8,age_36_45,sex_male,143.0,81.0,1,7.2850062817105155
148,98.62877029904513,233215.42258247692,166.14188819555218,Cooking_yes,Lighting_yes,Refrigeration_yes,Urbanity_Urban,Education_College,Size_3,age_46_55,sex_female,148.0,81.0,1,82.42052596895314
150,88.83617335939594,170166.51216607646,123.9577135002029,Cooking_yes,Lighting_yes,Refrigeration_yes,Urbanity_Urban,Education_Post_Secondary,Size_2,age_36_45,sex_female,150.0,51.0,1,56.18748036674583
155,80.82028926540879,161346.46130908202,121.84065698075764,Cooking_yes,Lighting_yes,Refrigeration_yes,Urbanity_Urban,Education_Post_Secondary,Size_2,age_26_35,sex_male,155.0,51.0,1,7.946889881000395
156,82.32251644385677,169369.44526000248,125.04655539562981,Cooking_no,Lighting_yes,Refrigeration_yes,Urbanity_Urban,Education_Post_Secondary,Size_2,age_36_45,sex_male,156.0,51.0,1,64.7150483247022
157,99.10857590390422,223915.76100110626,155.9110197545721,Cooking_yes,Lighting_yes,Refrigeration_yes,Urbanity_Urban,Education_College,Size_3,age_46_55,sex_male,157.0,81.0,1,85.35262121136464
158,93.8917001509833,228756.98776077235,163.26307207126763,Cooking_no,Lighting_yes,Refrigeration_yes,Urbanity_Urban,Education_College,Size_3,age_46_55,sex_male,158.0,81.0,1,79.94809392690962
160,92.6382009003898,229400.606953878,166.28733583195952,Cooking_no,Lighting_yes,Refrigeration_yes,Urbanity_Urban,Education_College,Size_3,age_36_45,sex_female,160.0,81.0,1,69.10775694097788
162,94.11613687544342,221253.49888620398,156.70879514225715,Cooking_yes,Lighting_yes,Refrigeration_yes,Urbanity_Urban,Education_College,Size_3,age_36_45,sex_female,162.0,81.0,1,70.51228422543284
163,96.08214919620909,220271.90851777905,157.17888833944392,Cooking_yes,Lighting_yes,Refrigeration_yes,Urbanity_Urban,Education_College,Size_3,age_36_45,sex_male,163.0,81.0,1,73.44437946784433
164,94.71994143779409,240326.54732711602,176.74260180852372,Cooking_no,Lighting_yes,Refrigeration_yes,Urbanity_Urban,Education_Post_Secondary,Size_9,age_46_55,sex_male,164.0,81.0,1,14.264051504491256
166,69.35342602863085,110650.85329477627,84.93930002792564,Cooking_no,Lighting_yes,Refrigeration_yes,Urbanity_Urban,Education_Elementary_School,Size_3,age_46_55,sex_male,166.0,31.0,1,175.9594582643561
167,97.61055715317869,266877.6200554045,193.2980829542688,Cooking_no,Lighting_yes,Refrigeration_yes,Urbanity_Urban,Education_College,Size_7,age_46_55,sex_male,167.0,81.0,1,20.944202225123774
169,88.78359851634006,189804.5010237953,138.84734781954114,Cooking_no,Lighting_yes,Refrigeration_yes,Urbanity_Urban,Education_Post_Secondary,Size_3,age_56_65,sex_male,169.0,81.0,1,0.14863143098432818
170,99.51506564552936,234936.0374470482,163.27785579205792,Cooking_yes,Lighting_yes,Refrigeration_yes,Urbanity_Urban,Education_College,Size_4,age_46_55,sex_male,170.0,81.0,1,15.905206582624672
171,82.91740188783852,185065.9263931007,135.23426872316477,Cooking_no,Lighting_yes,Refrigeration_yes,Urbanity_Urban,Education_Post_Secondary,Size_3,age_36_45,sex_female,171.0,81.0,1,70.56672852264984
173,89.6478134003861,209308.47379619206,151.71073332525313,Cooking_yes,Lighting_yes,Refrigeration_yes,Urbanity_Urban,Education_College,Size_3,age_26_35,sex_male,173.0,81.0,1,29.271693739687464
175,89.46129824004383,187916.42384615255,133.77020010015178,Cooking_yes,Lighting_yes,Refrigeration_yes,Urbanity_Urban,Education_Post_Secondary,Size_4,age_36_45,sex_male,175.0,81.0,1,0.45593642077656504
176,81.35073880852255,154522.32803192947,101.67853547411259,Cooking_yes,Lighting_yes,Refrigeration_yes,Urbanity_Urban,Education_Post_Secondary,Size_4,age_46_55,sex_female,176.0,51.0,1,14.432082921885296
177,72.62283990346246,135959.4056231349,103.36287448468086,Cooking_yes,Lighting_yes,Refrigeration_yes,Urbanity_Urban,Education_Elementary_School,Size_5,age_46_55,sex_female,177.0,31.0,1,11.621925276877175
178,98.52408920862119,224123.1562519461,167.26718034388387,Cooking_yes,Lighting_yes,Refrigeration_yes,Urbanity_Urban,Education_College,Size_3,age_36_45,sex_female,178.0,81.0,1,64.51228422543284
180,97.05059252650798,241911.9465834341,171.8038059065942,Cooking_no,Lighting_yes,Refrigeration_yes,Urbanity_Urban,Education_College,Size_4,age_46_55,sex_male,180.0,81.0,1,7.500679298169658
181,83.79759048808388,185077.7289738915,133.7792050968525,Cooking_no,Lighting_yes,Refrigeration_yes,Urbanity_Urban,Education_Post_Secondary,Size_3,age_36_45,sex_female,181.0,81.0,1,65.56672852264984
182,80.99933588619253,184972.736343212,132.52456134503558,Cooking_no,Lighting_yes,Refrigeration_yes,Urbanity_Urban,Education_Post_Secondary,Size_3,age_36_45,sex_female,182.0,81.0,1,65.56672852264984
183,91.4713973311655,193291.02970201857,136.90564602397814,Cooking_yes,Lighting_yes,Refrigeration_yes,Urbanity_Urban,Education_Post_Secondary,Size_4,age_46_55,sex_male,183.0,81.0,1,11.364178164296781
185,113.80038809799444,302324.14206909924,222.51191661433452,Cooking_yes,Lighting_yes,Refrigeration_yes,Urbanity_Urban,Education_College,Size_10,age_36_45,sex_female,185.0,81.0,1,5.8304049047260555
188,88.21726063548809,199771.48693377007,148.48188514585888,Cooking_no,Lighting_yes,Refrigeration_yes,Urbanity_Urban,Education_Post_Secondary,Size_4,age_46_55,sex_male,188.0,81.0,1,13.959650879841654
190,87.19367033582864,197914.05043526288,140.25599256304508,Cooking_no,Lighting_yes,Refrigeration_yes,Urbanity_Urban,Education_Post_Secondary,Size_3,age_66_75,sex_male,190.0,81.0,1,0.6746100400214425
196,87.64936378045039,181516.39788121413,133.66661495058625,Cooking_yes,Lighting_yes,Refrigeration_yes,Urbanity_Urban,Education_Post_Secondary,Size_3,age_26_35,sex_female,196.0,81.0,1,35.79857007894806
197,95.13127831897908,216132.87800574864,157.82414744005126,Cooking_yes,Lighting_yes,Refrigeration_yes,Urbanity_Urban,Education_College,Size_3,age_26_35,sex_male,197.0,81.0,1,29.271693739687464
198,98.05066252269377,217443.4943222834,157.09540310381848,Cooking_yes,Lighting_yes,Refrigeration_yes,Urbanity_Urban,Education_College,Size_3,age_36_45,sex_male,198.0,81.0,1,66.44437946784433
203,108.93063497043212,269606.87746583985,193.79960006081637,Cooking_yes,Lighting_yes,Refrigeration_yes,Urbanity_Urban,Education_College,Size_7,age_46_55,sex_female,203.0,81.0,1,14.416634267167282
204,95.62142184158395,219743.08617831988,155.9680884692821,Cooking_yes,Lighting_yes,Refrigeration_yes,Urbanity_Urban,Education_College,Size_3,age_36_45,sex_male,204.0,81.0,1,68.44437946784433
207,78.88699678206079,176436.73541022875,129.12272085365265,Cooking_no,Lighting_yes,Refrigeration_yes,Urbanity_Urban,Education_Post_Secondary,Size_3,age_26_35,sex_female,207.0,51.0,1,47.39404279449306
208,83.3219083999888,166625.31854984642,121.83992831540094,Cooking_yes,Lighting_no,Refrigeration_yes,Urbanity_Urban,Education_Post_Secondary,Size_3,age_26_35,sex_male,208.0,51.0,1,21.997696546226003
210,87.27890988123085,190052.43508023454,140.17688334391454,Cooking_yes,Lighting_yes,Refrigeration_yes,Urbanity_Urban,Education_Post_Secondary,Size_4,age_36_45,sex_male,210.0,81.0,1,0.45593642077656504
215,92.13851256848444,208534.6904867868,160.28404354220302,Cooking_yes,Lighting_yes,Refrigeration_yes,Urbanity_Urban,Education_Post_Graduate,Size_3,age_36_45,sex_male,215.0,81.0,1,84.05761114375917
216,95.803809185364,217036.58348591643,158.30454865758443,Cooking_yes,Lighting_yes,Refrigeration_yes,Urbanity_Urban,Education_Post_Secondary,Size_6,age_46_55,sex_male,216.0,81.0,1,8.038558682545691
218,90.10845576495191,219999.12341066985,160.87143530303462,Cooking_no,Lighting_yes,Refrigeration_yes,Urbanity_Urban,Education_Post_Secondary,Size_7,age_36_45,sex_male,218.0,81.0,1,14.494932063275535
219,90.37764592667601,200293.22909427085,144.28046530019208,Cooking_yes,Lighting_yes,Refrigeration_yes,Urbanity_Urban,Education_Post_Secondary,Size_5,age_46_55,sex_male,219.0,81.0,1,18.001627763514435
221,78.11194722410276,161077.19193054095,117.6706793835628,Cooking_yes,Lighting_yes,Refrigeration_yes,Urbanity_Rural,Education_Post_Secondary,Size_2,age_26_35,sex_male,221.0,21.0,1,125.73455248902343
222,89.86317877723347,193641.74884448547,139.94768052608126,Cooking_yes,Lighting_yes,Refrigeration_yes,Urbanity_Urban,Education_Post_Secondary,Size_4,age_46_55,sex_male,222.0,81.0,1,21.36417816429678
223,88.61081233924631,189930.21745806315,124.42994975224623,Cooking_yes,Lighting_yes,Refrigeration_yes,Urbanity_Urban,Education_College,Size_4,age_46_55,sex_male,223.0,81.0,1,15.905206582624672
224,92.41302590715469,210095.9708961534,150.60516387057282,Cooking_yes,Lighting_yes,Refrigeration_yes,Urbanity_Urban,Education_College,Size_2,age_36_45,sex_male,224.0,81.0,1,39.66060402748522
226,93.42032799819029,217639.97723753075,153.92454021053527,Cooking_yes,Lighting_yes,Refrigeration_yes,Urbanity_Urban,Education_Post_Secondary,Size_7,age_36_45,sex_male,226.0,81.0,1,7.899459347730655
229,89.60075722758387,172091.99932888473,123.35053425600536,Cooking_yes,Lighting_yes,Refrigeration_yes,Urbanity_Urban,Education_Post_Secondary,Size_2,age_46_55,sex_male,229.0,51.0,1,113.02781735267754
232,92.4533748745162,237503.6055300368,169.9148981302829,Cooking_no,Lighting_yes,Refrigeration_yes,Urbanity_Urban,Education_College,Size_4,age_46_55,sex_male,232.0,81.0,1,11.500679298169658
233,83.57116715322046,193552.41326517006,140.6940444869304,Cooking_no,Lighting_yes,Refrigeration_yes,Urbanity_Urban,Education_Post_Secondary,Size_4,age_46_55,sex_male,233.0,81.0,1,14.959650879841654
235,89.39717450882303,203875.7301152505,157.7640538726483,Cooking_no,Lighting_yes,Refrigeration_yes,Urbanity_Urban,Education_Post_Graduate,Size_3,age_26_35,sex_female,235.0,81.0,1,42.548302888735805
236,94.03572333763913,241765.12431437385,177.75178132840838,Cooking_no,Lighting_yes,Refrigeration_yes,Urbanity_Urban,Education_Post_Graduate,Size_6,age_36_45,sex_male,236.0,81.0,1,0.8800497488131418
237,100.10119672036079,237874.7968622001,161.87778788991037,Cooking_yes,Lighting_yes,Refrigeration_yes,Urbanity_Urban,Education_College,Size_4,age_46_55,sex_male,237.0,81.0,1,2.905206582624672
238,87.20685327844187,185814.32492768625,134.71463947395134,Cooking_yes,Lighting_yes,Refrigeration_yes,Urbanity_Urban,Education_Post_Secondary,Size_4,age_36_45,sex_male,238.0,81.0,1,1.455936420776565
240,92.27667708702091,225531.7449108212,159.85057822525278,Cooking_no,Lighting_yes,Refrigeration_yes,Urbanity_Urban,Education_College,Size_3,age_46_55,sex_male,240.0,81.0,1,77.94809392690962
241,88.28873467761228,187525.65880343353,136.9369361664445,Cooking_no,Lighting_yes,Refrigeration_yes,Urbanity_Urban,Education_Post_Secondary,Size_3,age_56_65,sex_male,241.0,81.0,1,1.1486314309843282
245,93.83907337696928,220748.75672650148,167.85521883280128,Cooking_yes,Lighting_yes,Refrigeration_yes,Urbanity_Urban,Education_Post_Secondary,Size_7,age_46_55,sex_male,245.0,81.0,1,21.807701091250877
246,105.99258614294978,266821.913265788,193.37656842505226,Cooking_yes,Lighting_yes,Refrigeration_yes,Urbanity_Urban,Education_College,Size_7,age_46_55,sex_male,246.0,81.0,1,14.34872950957876
249,105.58563759709965,246688.8912032357,171.06391221605702,Cooking_yes,Lighting_yes,Refrigeration_yes,Urbanity_Urban,Education_College,Size_5,age_46_55,sex_male,249.0,81.0,1,12.542656181842325
251,100.78837396006521,224352.35018133023,157.46067207054946,Cooking_yes,Lighting_yes,Refrigeration_yes,Urbanity_Urban,Education_College,Size_3,age_36_45,sex_female,251.0,81.0,1,67.51228422543284
252,106.36517252546687,255119.61923041948,178.40668716618134,Cooking_yes,Lighting_yes,Refrigeration_yes,Urbanity_Urban,Education_College,Size_6,age_46_55,sex_male,252.0,81.0,1,1.5795871008735727
254,81.2620983909549,189106.56155781925,138.10113069103423,Cooking_no,Lighting_yes,Refrigeration_yes,Urbanity_Urban,Education_Post_Secondary,Size_4,age_36_45,sex_male,254.0,81.0,1,1.051409136321435
256,89.2366019559092,211077.22410273715,154.21656840721437,Cooking_no,Lighting_yes,Refrigeration_yes,Urbanity_Urban,Education_College,Size_2,age_36_45,sex_male,256.0,81.0,1,37.25607674303018
257,82.21366130164392,184283.63741922312,132.9196264883405,Cooking_no,Lighting_yes,Refrigeration_yes,Urbanity_Urban,Education_Post_Secondary,Size_3,age_46_55,sex_male,257.0,81.0,1,85.40706550858164
258,86.998568836666,184762.29609272804,133.61834883829115,Cooking_yes,Lighting_yes,Refrigeration_yes,Urbanity_Urban,Education_Post_Secondary,Size_3,age_46_55,sex_male,258.0,81.0,1,99.81159279303665
259,89.75337727504903,217101.9016431846,166.69694626178702,Cooking_yes,Lighting_yes,Refrigeration_yes,Urbanity_Urban,Education_Post_Secondary,Size_6,age_46_55,sex_male,259.0,81.0,1,8.038558682545691
262,91.44732792362772,180370.64294202934,132.79726686820499,Cooking_yes,Lighting_yes,Refrigeration_yes,Urbanity_Urban,Education_Post_Secondary,Size_3,age_26_35,sex_female,262.0,81.0,1,27.79857007894806
264,87.37019581414854,180811.91172569577,134.77161307686092,Cooking_no,Lighting_yes,Refrigeration_yes,Urbanity_Urban,Education_Post_Secondary,Size_3,age_46_55,sex_male,264.0,81.0,1,84.40706550858164
265,95.03498218903505,202078.30240952832,148.88984809051374,Cooking_yes,Lighting_yes,Refrigeration_yes,Urbanity_Urban,Education_Post_Secondary,Size_5,age_46_55,sex_male,265.0,81.0,1,17.001627763514435
266,83.789260929833,182822.7803152311,129.33256456522437,Cooking_yes,Lighting_yes,Refrigeration_yes,Urbanity_Urban,Education_Post_Secondary,Size_3,age_36_45,sex_male,266.0,81.0,1,61.90335104951646
268,83.54174316982767,167585.87223432615,119.04008720631091,Cooking_yes,Lighting_yes,Refrigeration_yes,Urbanity_Urban,Education_Post_Secondary,Size_3,age_19_25,sex_male,268.0,51.0,1,-0.3739640228023573
269,90.95856560294682,171519.56674721127,121.73609176545745,Cooking_yes,Lighting_yes,Refrigeration_yes,Urbanity_Urban,Education_Post_Secondary,Size_3,age_26_35,sex_male,269.0,51.0,1,58.73066532135954
270,88.45850875733595,187257.60052965503,138.10233441925752,Cooking_yes,Lighting_yes,Refrigeration_yes,Urbanity_Urban,Education_Post_Secondary,Size_3,age_46_55,sex_male,270.0,81.0,1,77.81159279303665
272,88.33180248242607,177941.61865394586,132.6632971823133,Cooking_yes,Lighting_yes,Refrigeration_yes,Urbanity_Urban,Education_Post_Secondary,Size_2,age_46_55,sex_female,272.0,51.0,1,80.09572211026602
274,90.92267805618386,185204.49283227522,136.91804725772528,Cooking_yes,Lighting_yes,Refrigeration_yes,Urbanity_Urban,Education_Post_Secondary,Size_4,age_36_45,sex_male,274.0,81.0,1,2.455936420776565
275,79.8371315678777,165594.08964183697,119.74589232482313,Cooking_no,Lighting_yes,Refrigeration_yes,Urbanity_Urban,Education_Post_Secondary,Size_3,age_19_25,sex_male,275.0,51.0,1,0.22150869274263396
276,91.5889349862643,229951.512243058,172.11896796961216,Cooking_no,Lighting_yes,Refrigeration_yes,Urbanity_Urban,Education_Post_Secondary,Size_5,age_86_100,sex_male,276.0,81.0,1,2.001137993463294
277,84.84605011580477,195109.50026751327,144.73795153445542,Cooking_no,Lighting_yes,Refrigeration_yes,Urbanity_Urban,Education_Post_Secondary,Size_5,age_36_45,sex_male,277.0,81.0,1,0.6888587355390907
278,84.20452373430359,182468.24951552905,132.07693966868166,Cooking_no,Lighting_yes,Refrigeration_yes,Urbanity_Urban,Education_Post_Secondary,Size_3,age_36_45,sex_female,278.0,81.0,1,68.56672852264984
279,82.3727831708492,174842.17295136588,126.36192212489216,Cooking_yes,Lighting_yes,Refrigeration_yes,Urbanity_Urban,Education_Post_Secondary,Size_3,age_36_45,sex_male,279.0,51.0,1,121.90335104951646
280,93.36006680090344,213755.49349234608,155.53779668564368,Cooking_yes,Lighting_yes,Refrigeration_yes,Urbanity_Urban,Education_College,Size_3,age_36_45,sex_male,280.0,81.0,1,83.44437946784433
281,101.40376219632172,258882.7172551172,182.08575255349368,Cooking_no,Lighting_yes,Refrigeration_yes,Urbanity_Urban,Education_College,Size_6,age_46_55,sex_male,281.0,81.0,1,2.175059816418562
282,84.2016665699489,214493.7005084045,156.00916440126375,Cooking_no,Lighting_yes,Refrigeration_yes,Urbanity_Urban,Education_Post_Secondary,Size_6,age_46_55,sex_male,282.0,81.0,1,4.634031398090553
283,98.54107185179855,252368.58761129552,180.55776894681873,Cooking_no,Lighting_yes,Refrigeration_yes,Urbanity_Urban,Education_College,Size_6,age_46_55,sex_male,283.0,81.0,1,2.175059816418562
287,105.54839159299988,271901.48216539976,192.85506268216926,Cooking_no,Lighting_yes,Refrigeration_yes,Urbanity_Urban,Education_College,Size_7,age_46_55,sex_male,287.0,81.0,1,18.944202225123774
288,80.20190672797145,187518.93042311,136.95843851387806,Cooking_no,Lighting_yes,Refrigeration_yes,Urbanity_Urban,Education_Post_Secondary,Size_4,age_36_45,sex_male,288.0,81.0,1,0.05140913632143507
289,92.40041005312608,220775.74844932253,160.39485711647734,Cooking_no,Lighting_yes,Refrigeration_yes,Urbanity_Urban,Education_College,Size_3,age_26_35,sex_female,289.0,81.0,1,24.93507121282093
290,81.71681472753563,165086.95717933765,120.82548957705805,Cooking_no,Lighting_yes,Refrigeration_yes,Urbanity_Urban,Education_Post_Secondary,Size_2,age_36_45,sex_male,290.0,51.0,1,60.715048324702195
292,85.3291524420839,182118.28751523484,135.67398443790609,Cooking_yes,Lighting_yes,Refrigeration_yes,Urbanity_Urban,Education_Post_Secondary,Size_3,age_46_55,sex_male,292.0,81.0,1,77.81159279303665
293,84.60192217792937,171136.04225838964,112.26923600576956,Cooking_yes,Lighting_yes,Refrigeration_yes,Urbanity_Urban,Education_College,Size_3,age_26_35,sex_female,293.0,51.0,1,40.339598497275944
298,73.39264676612126,140915.01863995366,94.50142215218376,Cooking_no,Lighting_yes,Refrigeration_yes,Urbanity_Urban,Education_Post_Secondary,Size_3,age_46_55,sex_male,298.0,51.0,1,154.40706550858164
299,91.15933800165837,187577.77185643397,137.31278540329635,Cooking_no,Lighting_yes,Refrigeration_yes,Urbanity_Urban,Education_Post_Secondary,Size_3,age_56_65,sex_male,299.0,81.0,1,0.14863143098432818
300,83.25359918742609,203442.90655334212,143.08158251701383,Cooking_no,Lighting_yes,Refrigeration_yes,Urbanity_Urban,Education_College,Size_2,age_26_35,sex_male,300.0,81.0,1,0.08339101487327143
305,93.50280852112962,196634.00039498805,144.8673523725563,Cooking_yes,Lighting_yes,Refrigeration_yes,Urbanity_Urban,Education_Post_Secondary,Size_4,age_46_55,sex_female,305.0,81.0,1,12.432082921885296
310,90.88316018615944,191756.47432304095,139.53939141074687,Cooking_yes,Lighting_yes,Refrigeration_yes,Urbanity_Urban,Education_Post_Secondary,Size_3,age_56_65,sex_male,310.0,81.0,1,0.553158715439459
311,97.0251733872732,224343.2883174653,158.9248237535245,Cooking_yes,Lighting_yes,Refrigeration_yes,Urbanity_Urban,Education_College,Size_3,age_46_55,sex_male,311.0,81.0,1,77.35262121136464
312,69.71768166061293,94076.43358996119,70.99275323918195,Cooking_yes,Lighting_yes,Refrigeration_yes,Urbanity_Urban,Education_Elementary_School,Size_3,age_26_35,sex_male,312.0,31.0,1,76.28305807713392
313,85.88370810298935,172740.21230059426,127.25295667842457,Cooking_yes,Lighting_yes,Refrigeration_yes,Urbanity_Urban,Education_Post_Secondary,Size_3,age_26_35,sex_male,313.0,51.0,1,53.73066532135954
316,87.73258132028477,197228.44436510984,144.35010142661622,Cooking_no,Lighting_yes,Refrigeration_yes,Urbanity_Urban,Education_Post_Secondary,Size_4,age_46_55,sex_female,316.0,81.0,1,8.027555637430162
317,79.18798059228139,173473.94412120598,125.44832309713664,Cooking_no,Lighting_yes,Refrigeration_yes,Urbanity_Urban,Education_Post_Secondary,Size_3,age_36_45,sex_male,317.0,51.0,1,126.49882376506127
318,62.40225743974246,87892.34109377934,67.37689252401844,Cooking_no,Lighting_yes,Refrigeration_yes,Urbanity_Urban,Education_Elementary_School,Size_2,age_36_45,sex_male,318.0,31.0,1,84.26744108047666
320,98.26925482317213,247738.5982070065,179.35343078655498,Cooking_no,Lighting_yes,Refrigeration_yes,Urbanity_Urban,Education_College,Size_5,age_46_55,sex_male,320.0,81.0,1,5.138128897387325
323,73.86110727476418,139075.54847408168,101.53008846301962,Cooking_no,Lighting_yes,Refrigeration_yes,Urbanity_Urban,Education_High_School,Size_2,age_36_45,sex_female,323.0,31.0,1,48.48566432456013
324,96.64100321347448,233850.80759745862,170.3821355120332,Cooking_yes,Lighting_yes,Refrigeration_yes,Urbanity_Urban,Education_Post_Secondary,Size_8,age_46_55,sex_male,324.0,81.0,1,19.19324802523073
325,88.98193067673624,199000.1245040126,145.17316357835958,Cooking_yes,Lighting_yes,Refrigeration_yes,Urbanity_Urban,Education_Post_Secondary,Size_5,age_36_45,sex_male,325.0,81.0,1,5.093386019994224
327,91.24800590537052,217987.45682341265,155.49649515789767,Cooking_no,Lighting_yes,Refrigeration_yes,Urbanity_Urban,Education_College,Size_2,age_36_45,sex_female,327.0,81.0,1,37.323981500618714
328,90.65633032575971,207424.81992937825,162.0395803956541,Cooking_no,Lighting_yes,Refrigeration_yes,Urbanity_Urban,Education_Post_Graduate,Size_2,age_36_45,sex_female,328.0,81.0,1,39.93721317653353
330,87.31406579276415,175470.58979264038,125.87669928947874,Cooking_yes,Lighting_yes,Refrigeration_yes,Urbanity_Urban,Education_Post_Secondary,Size_3,age_36_45,sex_male,330.0,51.0,1,111.90335104951646
331,95.49215352375181,235732.8850559225,167.57243724777246,Cooking_yes,Lighting_yes,Refrigeration_yes,Urbanity_Urban,Education_College,Size_4,age_46_55,sex_male,331.0,81.0,1,8.905206582624672
334,82.38557824391928,169347.3542844416,124.43073005102327,Cooking_yes,Lighting_yes,Refrigeration_yes,Urbanity_Urban,Education_Post_Secondary,Size_3,age_26_35,sex_male,334.0,51.0,1,76.73066532135954
341,97.97840530356063,218002.48644214545,154.53848199459588,Cooking_yes,Lighting_yes,Refrigeration_yes,Urbanity_Urban,Education_Post_Secondary,Size_6,age_46_55,sex_female,341.0,81.0,1,0.10646344013413812
342,89.69296350491713,203803.51794996246,153.15782287712645,Cooking_yes,Lighting_yes,Refrigeration_yes,Urbanity_Urban,Education_Post_Secondary,Size_5,age_36_45,sex_male,342.0,81.0,1,3.093386019994224
343,89.19477094514528,201866.00279952714,148.27029775541368,Cooking_no,Lighting_yes,Refrigeration_yes,Urbanity_Urban,Education_Post_Secondary,Size_5,age_46_55,sex_male,343.0,81.0,1,17.597100479059293
344,79.39723928914924,172560.13895045838,124.11109116067142,Cooking_no,Lighting_yes,Refrigeration_yes,Urbanity_Urban,Education_Post_Secondary,Size_3,age_26_35,sex_female,344.0,51.0,1,55.39404279449306
349,82.0403829088361,150396.73727823782,100.54909768685611,Cooking_yes,Lighting_yes,Refrigeration_yes,Urbanity_Urban,Education_Post_Secondary,Size_4,age_46_55,sex_male,349.0,51.0,1,20.36417816429678
351,88.26331061259533,201126.37507140668,153.12889141482108,Cooking_no,Lighting_yes,Refrigeration_yes,Urbanity_Urban,Education_Post_Graduate,Size_3,age_19_25,sex_female,351.0,81.0,1,1.4436735445738869
353,102.1308638461561,242456.34947579145,177.1570289279714,Cooking_yes,Lighting_yes,Refrigeration_yes,Urbanity_Urban,Education_College,Size_3,age_46_55,sex_female,353.0,81.0,1,76.42052596895314
356,92.93845366496409,219021.09890140122,173.36894978435313,Cooking_yes,Lighting_yes,Refrigeration_yes,Urbanity_Urban,Education_Post_Graduate,Size_4,age_36_45,sex_male,356.0,81.0,1,9.610196515019297
360,102.39874908876546,271142.8021115709,199.20511842217232,Cooking_yes,Lighting_yes,Refrigeration_yes,Urbanity_Urban,Education_College,Size_8,age_36_45,sex_male,360.0,81.0,1,3.8260347000383987
361,106.06898203726809,261743.5274528301,192.28758521814004,Cooking_yes,Lighting_yes,Refrigeration_yes,Urbanity_Urban,Education_Post_Secondary,Size_10,age_46_55,sex_male,361.0,81.0,1,23.129713472329883
363,106.10629816506622,289151.93886885233,204.73382963733357,Cooking_no,Lighting_yes,Refrigeration_yes,Urbanity_Urban,Education_College,Size_10,age_36_45,sex_male,363.0,81.0,1,11.357972862682544
364,107.51369643724516,288880.2693116397,216.03885300853887,Cooking_no,Lighting_yes,Refrigeration_yes,Urbanity_Urban,Education_Post_Graduate,Size_10,age_46_55,sex_female,364.0,81.0,1,28.94735103970612
365,101.59056894858196,233943.53983663023,171.35150083430838,Cooking_yes,Lighting_yes,Refrigeration_yes,Urbanity_Urban,Education_Post_Secondary,Size_8,age_36_45,sex_female,365.0,81.0,1,1.3529110392990287
367,97.6295179987271,223190.46616624622,160.26992805642428,Cooking_yes,Lighting_yes,Refrigeration_yes,Urbanity_Urban,Education_College,Size_3,age_46_55,sex_male,367.0,81.0,1,89.35262121136464
368,85.98034891510815,178948.2398263023,130.54611360694983,Cooking_yes,Lighting_yes,Refrigeration_yes,Urbanity_Urban,Education_Post_Secondary,Size_3,age_36_45,sex_male,368.0,51.0,1,144.90335104951646
369,102.50907295200163,254143.16784586804,181.8465486473296,Cooking_no,Lighting_yes,Refrigeration_yes,Urbanity_Urban,Education_Post_Secondary,Size_10,age_46_55,sex_male,369.0,81.0,1,33.72518618787477
372,95.4180100011745,224613.37256338,181.4888722599128,Cooking_yes,Lighting_yes,Refrigeration_yes,Urbanity_Urban,Education_Post_Graduate,Size_3,age_56_65,sex_male,372.0,81.0,1,8.707418809682203
373,103.92063019156502,236958.74051518054,172.36936414104514,Cooking_yes,Lighting_yes,Refrigeration_yes,Urbanity_Urban,Education_College,Size_4,age_46_55,sex_male,373.0,81.0,1,5.905206582624672
374,99.09192866953731,240389.48683645585,167.72790840324802,Cooking_yes,Lighting_yes,Refrigeration_yes,Urbanity_Urban,Education_College,Size_4,age_46_55,sex_male,374.0,81.0,1,8.905206582624672
377,91.19977294643273,180393.16061795127,127.96606625481978,Cooking_yes,Lighting_yes,Refrigeration_yes,Urbanity_Urban,Education_Post_Secondary,Size_3,age_36_45,sex_female,377.0,81.0,1,69.97125580710497
382,83.20537924552632,165745.1277835605,118.2207199383928,Cooking_yes,Lighting_yes,Refrigeration_yes,Urbanity_Urban,Education_Post_Secondary,Size_3,age_26_35,sex_male,382.0,51.0,1,60.73066532135954
383,83.96651056278874,196620.75149097387,144.85852754278827,Cooking_no,Lighting_yes,Refrigeration_yes,Urbanity_Urban,Education_Post_Secondary,Size_4,age_46_55,sex_female,383.0,81.0,1,9.027555637430162
384,88.52608568209403,214136.66546322906,153.82479641179447,Cooking_no,Lighting_yes,Refrigeration_yes,Urbanity_Urban,Education_College,Size_3,age_26_35,sex_female,384.0,81.0,1,31.93507121282093
385,91.58684347443013,224662.60103648988,160.19685148073768,Cooking_no,Lighting_yes,Refrigeration_yes,Urbanity_Rural,Education_College,Size_3,age_36_45,sex_female,385.0,51.0,1,169.89541954900085
388,91.89839706489404,198571.8070840881,144.5575572691773,Cooking_yes,Lighting_yes,Refrigeration_yes,Urbanity_Urban,Education_Post_Secondary,Size_4,age_46_55,sex_female,388.0,81.0,1,10.432082921885296
390,99.70202135759816,223785.27073728567,161.664846775323,Cooking_yes,Lighting_yes,Refrigeration_yes,Urbanity_Urban,Education_College,Size_3,age_36_45,sex_female,390.0,81.0,1,75.51228422543284
394,68.13269770033718,91224.55023317899,70.30505611158816,Cooking_yes,Lighting_yes,Refrigeration_yes,Urbanity_Urban,Education_Elementary_School,Size_2,age_36_45,sex_male,394.0,31.0,1,86.67196836493153
395,85.33839779753905,214800.30582299648,152.6933619250701,Cooking_yes,Lighting_yes,Refrigeration_no,Urbanity_Urban,Education_College,Size_2,age_46_55,sex_male,395.0,81.0,1,13.002808550062454
399,77.0161274067644,131679.43726556704,93.98743820089416,Cooking_yes,Lighting_yes,Refrigeration_yes,Urbanity_Urban,Education_High_School,Size_2,age_36_45,sex_male,399.0,31.0,1,63.82228685142664
400,94.37659677841042,231672.22807792798,163.08697567200375,Cooking_yes,Lighting_yes,Refrigeration_yes,Urbanity_Urban,Education_College,Size_4,age_46_55,sex_male,400.0,81.0,1,7.905206582624672
401,89.40915236776961,228329.01506548736,160.18171735728257,Cooking_yes,Lighting_yes,Refrigeration_yes,Urbanity_Urban,Education_College,Size_3,age_46_55,sex_male,401.0,81.0,1,86.35262121136464
403,87.37119193144747,204442.99381137354,150.09189632341426,Cooking_yes,Lighting_yes,Refrigeration_yes,Urbanity_Urban,Education_Post_Secondary,Size_3,age_66_75,sex_male,403.0,81.0,1,1.0791373244764504
404,90.79571261998487,199584.71726336802,146.1235374175748,Cooking_yes,Lighting_yes,Refrigeration_yes,Urbanity_Urban,Education_Post_Secondary,Size_3,age_66_75,sex_male,404.0,81.0,1,2.0791373244764504
405,87.05428622063562,174108.3752394082,126.93903007279528,Cooking_yes,Lighting_yes,Refrigeration_yes,Urbanity_Urban,Education_Post_Secondary,Size_3,age_26_35,sex_male,405.0,51.0,1,52.73066532135954
408,96.76084176056787,222704.3031982524,160.4987568375887,Cooking_yes,Lighting_yes,Refrigeration_yes,Urbanity_Urban,Education_Post_Secondary,Size_6,age_46_55,sex_female,408.0,81.0,1,0.10646344013413812
410,89.36535771458925,220988.1713334545,166.0037965940811,Cooking_yes,Lighting_yes,Refrigeration_yes,Urbanity_Urban,Education_College,Size_2,age_46_55,sex_male,410.0,81.0,1,60.568845771005414
411,79.27919751948524,160288.57256128357,116.80569035045265,Cooking_yes,Lighting_yes,Refrigeration_yes,Urbanity_Urban,Education_Post_Secondary,Size_2,age_26_35,sex_male,411.0,51.0,1,2.946889881000395
412,74.05006010788125,159880.04344754244,118.84431313283599,Cooking_yes,Lighting_yes,Refrigeration_yes,Urbanity_Urban,Education_Post_Secondary,Size_3,age_0_18,sex_male,412.0,51.0,1,0.009079804212400592
413,101.09232279580108,223079.26336275652,157.31776021706744,Cooking_yes,Lighting_yes,Refrigeration_yes,Urbanity_Urban,Education_College,Size_3,age_36_45,sex_male,413.0,81.0,1,69.44437946784433
414,97.88185000617908,242966.2287344857,177.91293577893074,Cooking_yes,Lighting_yes,Refrigeration_yes,Urbanity_Urban,Education_College,Size_4,age_46_55,sex_female,414.0,81.0,1,5.973111340213176
415,86.4773846111746,174107.53783276904,126.78985441084728,Cooking_yes,Lighting_yes,Refrigeration_yes,Urbanity_Urban,Education_Post_Secondary,Size_3,age_36_45,sex_male,415.0,51.0,1,137.90335104951646
416,84.35857525957628,172606.4697622297,124.56347500815764,Cooking_yes,Lighting_yes,Refrigeration_yes,Urbanity_Urban,Education_Post_Secondary,Size_3,age_26_35,sex_male,416.0,51.0,1,63.73066532135954
423,89.39498601408144,212998.57177213408,158.1990656433521,Cooking_no,Lighting_yes,Refrigeration_yes,Urbanity_Urban,Education_Post_Secondary,Size_6,age_46_55,sex_male,423.0,81.0,1,4.634031398090553
424,96.89891446558849,255907.21697719907,181.44735503522529,Cooking_no,Lighting_yes,Refrigeration_yes,Urbanity_Rural,Education_College,Size_6,age_46_55,sex_male,424.0,51.0,1,77.96272242444164
429,84.9610359422516,180350.59226081238,132.5022912523099,Cooking_yes,Lighting_yes,Refrigeration_yes,Urbanity_Urban,Education_Post_Secondary,Size_3,age_36_45,sex_female,429.0,81.0,1,71.97125580710497
430,93.39949855292109,190315.34517045517,135.67117098994242,Cooking_yes,Lighting_yes,Refrigeration_yes,Urbanity_Urban,Education_Post_Secondary,Size_4,age_36_45,sex_male,430.0,81.0,1,1.455936420776565
433,105.37686895050686,266419.18391128536,200.85878542644082,Cooking_yes,Lighting_yes,Refrigeration_yes,Urbanity_Urban,Education_Post_Graduate,Size_8,age_36_45,sex_female,433.0,81.0,1,9.507171133541775
434,96.41243450859815,228927.63879534235,169.29620991695714,Cooking_yes,Lighting_yes,Refrigeration_yes,Urbanity_Urban,Education_Post_Secondary,Size_7,age_46_55,sex_female,434.0,81.0,1,14.875605848839399
436,106.06433118087617,258504.45601542768,182.35495528276002,Cooking_yes,Lighting_yes,Refrigeration_yes,Urbanity_Urban,Education_College,Size_7,age_36_45,sex_male,436.0,81.0,1,5.440487766058542
438,99.76142296231536,236238.77122383585,172.79289383850949,Cooking_yes,Lighting_yes,Refrigeration_yes,Urbanity_Urban,Education_College,Size_4,age_46_55,sex_male,438.0,81.0,1,12.905206582624672
441,86.54905980059364,198614.7411941813,143.27191833641825,Cooking_no,Lighting_yes,Refrigeration_yes,Urbanity_Urban,Education_Post_Secondary,Size_5,age_36_45,sex_male,441.0,81.0,1,3.6888587355390907
442,103.51723255144415,264806.1810869221,193.04865940426717,Cooking_no,Lighting_yes,Refrigeration_yes,Urbanity_Urban,Education_College,Size_7,age_36_45,sex_male,442.0,81.0,1,8.035960481603531
444,86.05302921467694,192773.76278194558,140.31352942625247,Cooking_no,Lighting_yes,Refrigeration_yes,Urbanity_Urban,Education_Post_Secondary,Size_4,age_46_55,sex_male,444.0,81.0,1,12.959650879841654
445,83.25305479732964,189415.64556415827,137.36002759051456,Cooking_no,Lighting_yes,Refrigeration_yes,Urbanity_Urban,Education_Post_Secondary,Size_3,age_56_65,sex_male,445.0,81.0,1,1.1486314309843282
446,83.45583153656,188790.32868375926,136.42296105788776,Cooking_no,Lighting_yes,Refrigeration_yes,Urbanity_Urban,Education_Post_Secondary,Size_3,age_46_55,sex_male,446.0,81.0,1,95.40706550858164
447,81.61731824693504,177416.64732053425,130.23780639322385,Cooking_no,Lighting_yes,Refrigeration_yes,Urbanity_Urban,Education_Post_Secondary,Size_2,age_46_55,sex_male,447.0,51.0,1,101.62329006822239
448,80.73386863918027,167116.03949014493,116.74879400425355,Cooking_no,Lighting_yes,Refrigeration_yes,Urbanity_Urban,Education_Post_Secondary,Size_2,age_36_45,sex_male,448.0,51.0,1,72.7150483247022
449,88.31297780983984,191030.63414730565,145.1954609454818,Cooking_yes,Lighting_yes,Refrigeration_yes,Urbanity_Urban,Education_Post_Secondary,Size_3,age_46_55,sex_female,449.0,81.0,1,83.87949755062522
451,94.18854983451484,225248.3787375346,175.89355634123683,Cooking_yes,Lighting_yes,Refrigeration_yes,Urbanity_Urban,Education_Post_Graduate,Size_4,age_46_55,sex_female,451.0,81.0,1,24.58634301612804
452,92.84124591900023,224124.7876962616,153.71467537810884,Cooking_yes,Lighting_yes,Refrigeration_yes,Urbanity_Rural,Education_College,Size_3,age_36_45,sex_male,452.0,51.0,1,192.2320420758674
455,97.06804271684412,222898.9666431727,165.42346477645944,Cooking_yes,Lighting_yes,Refrigeration_yes,Urbanity_Urban,Education_Post_Secondary,Size_7,age_36_45,sex_female,455.0,81.0,1,3.96736410531917
458,91.0535214134359,194032.3422482904,151.77609951478078,Cooking_yes,Lighting_yes,Refrigeration_yes,Urbanity_Urban,Education_Post_Graduate,Size_2,age_36_45,sex_male,458.0,81.0,1,45.27383570340004
459,85.12613507818925,194761.21791746005,142.4317388536615,Cooking_no,Lighting_yes,Refrigeration_yes,Urbanity_Urban,Education_Post_Secondary,Size_4,age_46_55,sex_male,459.0,81.0,1,13.959650879841654
460,81.30224663328062,171999.17683949842,126.86913340064429,Cooking_no,Lighting_yes,Refrigeration_yes,Urbanity_Urban,Education_Post_Secondary,Size_2,age_36_45,sex_female,460.0,51.0,1,55.782953082290675
461,88.089954603798,224116.64082804217,163.06039689303574,Cooking_no,Lighting_yes,Refrigeration_yes,Urbanity_Urban,Education_College,Size_3,age_46_55,sex_male,461.0,81.0,1,79.94809392690962
462,90.88617149963748,225516.7906896197,161.2654978287687,Cooking_no,Lighting_yes,Refrigeration_yes,Urbanity_Urban,Education_College,Size_3,age_46_55,sex_male,462.0,81.0,1,76.94809392690962
463,83.40505779505776,190864.3801539813,138.6378235957679,Cooking_no,Lighting_yes,Refrigeration_yes,Urbanity_Urban,Education_Post_Secondary,Size_4,age_46_55,sex_male,463.0,81.0,1,19.959650879841654
464,92.06745884462768,202474.63763675152,142.6156618574813,Cooking_no,Lighting_yes,Refrigeration_yes,Urbanity_Urban,Education_Post_Secondary,Size_5,age_46_55,sex_male,464.0,81.0,1,20.597100479059293
466,95.64134496327105,236314.2604495953,182.9950776651293,Cooking_no,Lighting_yes,Refrigeration_yes,Urbanity_Urban,Education_Post_Graduate,Size_5,age_46_55,sex_male,466.0,81.0,1,23.75136057330215
468,95.50369032782767,247142.42375740965,192.32536332499114,Cooking_no,Lighting_yes,Refrigeration_yes,Urbanity_Urban,Education_Post_Graduate,Size_7,age_36_45,sex_male,468.0,81.0,1,18.649192157518385
474,98.63809114687305,246776.24849482003,194.06545863544503,Cooking_yes,Lighting_yes,Refrigeration_yes,Urbanity_Urban,Education_Post_Graduate,Size_7,age_36_45,sex_male,474.0,81.0,1,22.053719441973413
475,98.18364668963035,233024.1144108823,167.10790092244497,Cooking_yes,Lighting_yes,Refrigeration_yes,Urbanity_Urban,Education_College,Size_3,age_46_55,sex_female,475.0,81.0,1,88.42052596895314
476,92.96862236460423,231040.10346380816,165.3687520900834,Cooking_no,Lighting_yes,Refrigeration_yes,Urbanity_Urban,Education_College,Size_3,age_46_55,sex_male,476.0,81.0,1,82.94809392690962
482,86.8747730089725,192932.69776347364,136.37372823417112,Cooking_no,Lighting_yes,Refrigeration_yes,Urbanity_Urban,Education_Post_Secondary,Size_3,age_46_55,sex_female,482.0,81.0,1,91.47497026617015
485,90.1404640776203,180663.68757901012,131.05976998659926,Cooking_yes,Lighting_yes,Refrigeration_yes,Urbanity_Urban,Education_Post_Secondary,Size_3,age_26_35,sex_female,485.0,81.0,1,16.79857007894806
486,87.42011184810212,185851.5422520237,137.59112978896096,Cooking_yes,Lighting_yes,Refrigeration_yes,Urbanity_Urban,Education_Post_Secondary,Size_3,age_46_55,sex_female,486.0,81.0,1,82.87949755062522
487,76.89723509169545,153877.23617418547,115.41913923753151,Cooking_yes,Lighting_yes,Refrigeration_yes,Urbanity_Urban,Education_High_School,Size_3,age_46_55,sex_female,487.0,31.0,1,155.5822087928945
491,80.78060824587335,165440.96348453866,115.55368550180401,Cooking_no,Lighting_yes,Refrigeration_yes,Urbanity_Urban,Education_Post_Secondary,Size_2,age_36_45,sex_male,491.0,51.0,1,67.7150483247022
492,90.24618248737312,219019.83826342376,162.3186617649904,Cooking_no,Lighting_yes,Refrigeration_yes,Urbanity_Urban,Education_College,Size_2,age_46_55,sex_female,492.0,81.0,1,28.232223244138908
493,82.70356825187149,171965.21410944712,126.49537963506336,Cooking_no,Lighting_yes,Refrigeration_yes,Urbanity_Urban,Education_Post_Secondary,Size_2,age_46_55,sex_male,493.0,51.0,1,83.62329006822239
494,90.97838675573593,201069.3416157896,148.26935280590288,Cooking_no,Lighting_yes,Refrigeration_yes,Urbanity_Urban,Education_Post_Secondary,Size_3,age_76_85,sex_male,494.0,81.0,1,2.0400448221328666
495,85.82832033315856,176203.74765446023,130.9381245552729,Cooking_yes,Lighting_yes,Refrigeration_yes,Urbanity_Urban,Education_Post_Secondary,Size_3,age_36_45,sex_female,495.0,51.0,1,115.97125580710497
496,89.79941005824291,174756.19243455198,126.09845708180157,Cooking_yes,Lighting_yes,Refrigeration_yes,Urbanity_Urban,Education_Post_Secondary,Size_3,age_26_35,sex_male,496.0,51.0,1,60.73066532135954
497,85.14983934754468,191254.45971482122,133.98759470178308,Cooking_no,Lighting_yes,Refrigeration_yes,Urbanity_Urban,Education_Post_Secondary,Size_3,age_56_65,sex_male,497.0,81.0,1,2.148631430984328
501,88.95530017875059,200786.43082898343,150.95876468956553,Cooking_yes,Lighting_yes,Refrigeration_yes,Urbanity_Urban,Education_Post_Secondary,Size_5,age_46_55,sex_male,501.0,81.0,1,22.001627763514435
502,100.5597149305859,239551.9268001705,169.9170035143545,Cooking_yes,Lighting_yes,Refrigeration_yes,Urbanity_Urban,Education_College,Size_4,age_46_55,sex_female,502.0,81.0,1,3.973111340213176
503,94.40013554903618,238570.88397862625,183.46925079944972,Cooking_no,Lighting_yes,Refrigeration_yes,Urbanity_Urban,Education_Post_Graduate,Size_4,age_46_55,sex_female,503.0,81.0,1,15.181815731673026
504,82.15204697785097,205976.90450395353,143.3417984470306,Cooking_no,Lighting_yes,Refrigeration_yes,Urbanity_Urban,Education_College,Size_2,age_26_35,sex_male,504.0,81.0,1,0.08339101487327143
505,92.45049466988172,196083.7042126924,145.34001836870138,Cooking_no,Lighting_yes,Refrigeration_yes,Urbanity_Urban,Education_Post_Secondary,Size_4,age_46_55,sex_male,505.0,81.0,1,10.959650879841654
507,85.3373086916652,179383.4327464831,132.5017124529612,Cooking_no,Lighting_yes,Refrigeration_yes,Urbanity_Urban,Education_Post_Secondary,Size_3,age_36_45,sex_female,507.0,51.0,1,120.56672852264984
508,88.94045995924743,221590.05530004847,173.56660083970482,Cooking_no,Lighting_yes,Refrigeration_yes,Urbanity_Urban,Education_Post_Graduate,Size_4,age_36_45,sex_female,508.0,81.0,1,2.273573988152812
509,86.36298858574202,203228.58265554853,158.41386120062282,Cooking_no,Lighting_yes,Refrigeration_yes,Urbanity_Urban,Education_Post_Graduate,Size_3,age_36_45,sex_male,509.0,81.0,1,82.65308385930422
510,86.17122439446638,196394.8606020881,142.37880907057888,Cooking_no,Lighting_yes,Refrigeration_yes,Urbanity_Urban,Education_Post_Secondary,Size_4,age_46_55,sex_male,510.0,81.0,1,15.959650879841654
511,84.25649706724089,185031.7606094189,135.0023567419133,Cooking_no,Lighting_yes,Refrigeration_yes,Urbanity_Urban,Education_Post_Secondary,Size_3,age_46_55,sex_male,511.0,81.0,1,101.40706550858164
512,95.02584350057596,223720.9387252311,161.43505772495848,Cooking_yes,Lighting_yes,Refrigeration_yes,Urbanity_Urban,Education_College,Size_2,age_46_55,sex_female,512.0,81.0,1,39.63675052859398
516,86.08398987896895,192943.71584954805,149.04536185365214,Cooking_no,Lighting_yes,Refrigeration_yes,Urbanity_Urban,Education_Post_Graduate,Size_2,age_26_35,sex_female,516.0,81.0,1,5.76452744837664
518,96.4962635170027,238745.7233384,170.83604789330911,Cooking_yes,Lighting_yes,Refrigeration_yes,Urbanity_Urban,Education_College,Size_4,age_46_55,sex_male,518.0,81.0,1,10.905206582624672
520,88.60388887512173,204366.9033790316,148.07494867153196,Cooking_yes,Lighting_yes,Refrigeration_yes,Urbanity_Urban,Education_Post_Secondary,Size_5,age_46_55,sex_male,520.0,81.0,1,16.001627763514435
521,100.47627683924402,248229.2898287261,180.2112692560605,Cooking_yes,Lighting_yes,Refrigeration_yes,Urbanity_Urban,Education_College,Size_4,age_46_55,sex_female,521.0,81.0,1,9.973111340213176
525,89.59287918627918,163349.85895400034,114.75548402646248,Cooking_yes,Lighting_yes,Refrigeration_yes,Urbanity_Urban,Education_Post_Secondary,Size_3,age_19_25,sex_male,525.0,51.0,1,-0.3739640228023573
528,90.4550860861376,203730.40244536847,155.16643248678963,Cooking_yes,Lighting_yes,Refrigeration_yes,Urbanity_Urban,Education_Post_Graduate,Size_3,age_26_35,sex_male,528.0,81.0,1,35.88492541560231
529,91.61959783377114,206689.33105350702,154.467475557775,Cooking_no,Lighting_yes,Refrigeration_yes,Urbanity_Urban,Education_Post_Graduate,Size_3,age_36_45,sex_male,529.0,81.0,1,91.65308385930422
530,94.77583207083505,208677.18122622845,164.94764323971498,Cooking_yes,Lighting_yes,Refrigeration_yes,Urbanity_Urban,Education_Post_Graduate,Size_3,age_36_45,sex_female,530.0,81.0,1,70.12551590134774
531,85.20756140603197,188940.37106142138,139.06175085920808,Cooking_no,Lighting_yes,Refrigeration_yes,Urbanity_Urban,Education_Post_Secondary,Size_4,age_36_45,sex_male,531.0,81.0,1,0.05140913632143507
533,95.31103020703381,238132.40674753836,163.25704480390422,Cooking_no,Lighting_yes,Refrigeration_yes,Urbanity_Rural,Education_College,Size_4,age_46_55,sex_male,533.0,51.0,1,75.28834190619281
541,82.30715006499784,187210.4745065727,134.30931897524817,Cooking_no,Lighting_yes,Refrigeration_yes,Urbanity_Urban,Education_Post_Secondary,Size_3,age_46_55,sex_female,541.0,81.0,1,83.47497026617015
542,93.82511501595077,243458.40812816672,171.58303988470325,Cooking_no,Lighting_yes,Refrigeration_yes,Urbanity_Urban,Education_College,Size_4,age_46_55,sex_female,542.0,81.0,1,4.568584055758173
543,91.27560203262396,190739.59399335406,135.12667378907508,Cooking_yes,Lighting_yes,Refrigeration_yes,Urbanity_Urban,Education_Post_Secondary,Size_4,age_36_45,sex_male,543.0,81.0,1,0.45593642077656504
546,86.1935823408881,186762.34313161444,135.28650677756514,Cooking_no,Lighting_yes,Refrigeration_yes,Urbanity_Urban,Education_Post_Secondary,Size_3,age_46_55,sex_male,546.0,81.0,1,73.40706550858164
548,86.9564437476326,180890.011412239,129.6095228087741,Cooking_yes,Lighting_yes,Refrigeration_yes,Urbanity_Urban,Education_Post_Secondary,Size_2,age_46_55,sex_female,548.0,81.0,1,42.095722110266024
549,83.68347834793221,164014.22043626427,120.75837897618393,Cooking_yes,Lighting_yes,Refrigeration_yes,Urbanity_Urban,Education_Post_Secondary,Size_2,age_36_45,sex_male,549.0,51.0,1,64.11957560915732
550,93.69856536628474,208426.42957902013,149.6306261206865,Cooking_yes,Lighting_yes,Refrigeration_yes,Urbanity_Urban,Education_College,Size_2,age_36_45,sex_male,550.0,81.0,1,46.66060402748522
554,82.42593227510885,172798.188457982,125.63890361253759,Cooking_no,Lighting_yes,Refrigeration_yes,Urbanity_Urban,Education_Post_Secondary,Size_2,age_36_45,sex_female,554.0,51.0,1,60.782953082290675
556,89.4463166435205,195776.69453830854,154.1053128113686,Cooking_yes,Lighting_yes,Refrigeration_yes,Urbanity_Urban,Education_Post_Graduate,Size_2,age_26_35,sex_female,556.0,81.0,1,5.1690547328316505
559,96.49363903707385,225421.3818344773,163.49532907275884,Cooking_yes,Lighting_yes,Refrigeration_yes,Urbanity_Urban,Education_College,Size_3,age_36_45,sex_female,559.0,81.0,1,68.51228422543284
561,89.26684342038338,204622.8561353753,145.37724079728937,Cooking_yes,Lighting_yes,Refrigeration_yes,Urbanity_Urban,Education_Post_Secondary,Size_5,age_46_55,sex_male,561.0,81.0,1,17.001627763514435
562,90.29672500083392,216329.04499345785,148.09064010742375,Cooking_yes,Lighting_yes,Refrigeration_yes,Urbanity_Urban,Education_College,Size_3,age_26_35,sex_male,562.0,81.0,1,38.271693739687464
565,63.78527256075762,95050.19144335669,72.67088608357248,Cooking_no,Lighting_yes,Refrigeration_yes,Urbanity_Urban,Education_Elementary_School,Size_2,age_36_45,sex_male,565.0,31.0,1,87.26744108047666
567,76.87213346181312,126113.7362767088,96.67964017390736,Cooking_yes,Lighting_yes,Refrigeration_yes,Urbanity_Urban,Education_Elementary_School,Size_4,age_46_55,sex_female,567.0,31.0,1,2.9844756776595265
568,83.07032212915827,166621.8954079011,120.98763005219826,Cooking_yes,Lighting_yes,Refrigeration_yes,Urbanity_Urban,Education_Post_Secondary,Size_3,age_26_35,sex_male,568.0,51.0,1,60.73066532135954
569,89.1675141652465,191589.9618921947,139.04221359262093,Cooking_yes,Lighting_yes,Refrigeration_yes,Urbanity_Urban,Education_Post_Secondary,Size_3,age_46_55,sex_male,569.0,81.0,1,86.81159279303665
570,105.32886445493654,248881.9437616788,179.88381056365853,Cooking_no,Lighting_yes,Refrigeration_yes,Urbanity_Urban,Education_College,Size_5,age_46_55,sex_male,570.0,81.0,1,10.138128897387325
571,86.6840669277225,196704.44742409678,140.7855463187186,Cooking_no,Lighting_yes,Refrigeration_yes,Urbanity_Urban,Education_Post_Secondary,Size_4,age_46_55,sex_male,571.0,81.0,1,16.959650879841654
572,78.80454734835139,167311.93287887724,123.19017850971058,Cooking_no,Lighting_yes,Refrigeration_yes,Urbanity_Urban,Education_Post_Secondary,Size_3,age_19_25,sex_male,572.0,51.0,1,0.22150869274263396
574,78.72936290740978,154482.99824672876,114.8390259048346,Cooking_no,Lighting_yes,Refrigeration_yes,Urbanity_Urban,Education_Post_Secondary,Size_2,age_26_35,sex_male,574.0,51.0,1,8.542362596545265
577,93.09690159674936,200935.40440102905,151.96116352026732,Cooking_yes,Lighting_yes,Refrigeration_yes,Urbanity_Urban,Education_Post_Graduate,Size_3,age_26_35,sex_female,577.0,81.0,1,42.95283017319079
581,81.78605481417735,141548.48948076245,96.89358314197901,Cooking_yes,Lighting_yes,Refrigeration_yes,Urbanity_Urban,Education_Post_Secondary,Size_3,age_46_55,sex_male,581.0,51.0,1,142.81159279303665
587,103.73346864922262,227340.16013406802,178.66601944067452,Cooking_yes,Lighting_yes,Refrigeration_yes,Urbanity_Urban,Education_Post_Graduate,Size_3,age_66_75,sex_male,587.0,81.0,1,8.233397418719314
588,102.58742421271441,211378.6053136139,154.9563326546353,Cooking_yes,Lighting_yes,Refrigeration_yes,Urbanity_Urban,Education_Post_Secondary,Size_6,age_46_55,sex_male,588.0,81.0,1,4.038558682545691
589,78.8319618701525,178499.29239725732,127.76932053869459,Cooking_yes,Lighting_yes,Refrigeration_yes,Urbanity_Urban,Education_Post_Secondary,Size_3,age_36_45,sex_male,589.0,51.0,1,131.90335104951646
592,87.21081649854334,184961.0920630907,131.17154615675574,Cooking_no,Lighting_yes,Refrigeration_yes,Urbanity_Urban,Education_Post_Secondary,Size_4,age_36_45,sex_male,592.0,81.0,1,1.051409136321435
598,108.77638612897846,253481.1533261557,179.67694759968532,Cooking_yes,Lighting_yes,Refrigeration_yes,Urbanity_Urban,Education_College,Size_6,age_46_55,sex_male,598.0,81.0,1,0.5795871008735727
599,96.13190358285385,221494.6312748711,165.31086006209418,Cooking_yes,Lighting_yes,Refrigeration_yes,Urbanity_Urban,Education_Post_Graduate,Size_3,age_56_65,sex_male,599.0,81.0,1,9.707418809682203
600,85.95024828855612,188526.69555961294,137.49991638408278,Cooking_no,Lighting_yes,Refrigeration_yes,Urbanity_Urban,Education_Post_Secondary,Size_3,age_36_45,sex_female,600.0,81.0,1,75.56672852264984
601,86.93892887158967,191588.18287952477,139.02215020255093,Cooking_no,Lighting_yes,Refrigeration_yes,Urbanity_Urban,Education_Post_Secondary,Size_3,age_56_65,sex_male,601.0,81.0,1,1.1486314309843282
602,92.7879580825685,201080.036731605,140.50278014028342,Cooking_yes,Lighting_yes,Refrigeration_yes,Urbanity_Urban,Education_Post_Secondary,Size_5,age_36_45,sex_male,602.0,81.0,1,3.093386019994224
607,90.64529005285743,207622.21533742023,145.8282810787335,Cooking_yes,Lighting_yes,Refrigeration_yes,Urbanity_Urban,Education_Post_Secondary,Size_5,age_46_55,sex_male,607.0,81.0,1,17.001627763514435
608,91.98313206051412,204920.35160773547,147.75598181089094,Cooking_yes,Lighting_yes,Refrigeration_yes,Urbanity_Urban,Education_Post_Secondary,Size_5,age_46_55,sex_male,608.0,81.0,1,20.001627763514435
612,100.47683172227829,216763.53946323914,157.62975639793837,Cooking_yes,Lighting_yes,Refrigeration_yes,Urbanity_Urban,Education_College,Size_2,age_46_55,sex_female,612.0,81.0,1,36.63675052859398
615,86.79551188805178,185866.99183213513,134.79070537737377,Cooking_no,Lighting_yes,Refrigeration_yes,Urbanity_Urban,Education_Post_Secondary,Size_3,age_36_45,sex_female,615.0,81.0,1,69.56672852264984
616,93.29474032079584,222252.7988370245,159.11497156832016,Cooking_yes,Lighting_yes,Refrigeration_yes,Urbanity_Urban,Education_College,Size_3,age_36_45,sex_female,616.0,81.0,1,59.512284225432836
617,98.61310799829764,230129.67934550173,164.21464349747362,Cooking_yes,Lighting_yes,Refrigeration_yes,Urbanity_Urban,Education_College,Size_3,age_46_55,sex_male,617.0,81.0,1,91.35262121136464
618,93.92379107638176,226353.7022381417,161.95727611836068,Cooking_no,Lighting_yes,Refrigeration_yes,Urbanity_Urban,Education_College,Size_3,age_46_55,sex_male,618.0,81.0,1,81.94809392690962
619,79.32687322902899,143377.41076787387,106.08955714262449,Cooking_yes,Lighting_yes,Refrigeration_yes,Urbanity_Urban,Education_High_School,Size_3,age_36_45,sex_male,619.0,31.0,1,149.6060622917858
620,106.16567590730244,259907.8916576895,187.8086589254747,Cooking_yes,Lighting_yes,Refrigeration_yes,Urbanity_Urban,Education_College,Size_6,age_46_55,sex_male,620.0,81.0,1,1.5795871008735727
621,94.65722155509764,235803.8589428929,171.7399084838629,Cooking_no,Lighting_yes,Refrigeration_yes,Urbanity_Urban,Education_Post_Secondary,Size_8,age_36_45,sex_female,621.0,81.0,1,1.9483837548438974
623,97.23640609775713,236115.6205796784,170.89816693956482,Cooking_yes,Lighting_yes,Refrigeration_yes,Urbanity_Urban,Education_College,Size_4,age_46_55,sex_male,623.0,81.0,1,4.905206582624672
627,83.87496854189732,197530.0821445182,145.1913874013861,Cooking_no,Lighting_yes,Refrigeration_yes,Urbanity_Urban,Education_Post_Secondary,Size_4,age_46_55,sex_female,627.0,81.0,1,3.0275556374301615
630,88.01806039552258,214004.62505482216,152.60630411803666,Cooking_yes,Lighting_yes,Refrigeration_yes,Urbanity_Urban,Education_College,Size_2,age_36_45,sex_female,630.0,81.0,1,28.7285087850737
631,101.2236561057407,216567.6501657316,154.72544617477277,Cooking_yes,Lighting_yes,Refrigeration_yes,Urbanity_Urban,Education_College,Size_2,age_46_55,sex_male,631.0,81.0,1,57.568845771005414
632,94.31491771865457,241310.2927447272,171.98346107557978,Cooking_yes,Lighting_yes,Refrigeration_yes,Urbanity_Urban,Education_College,Size_4,age_46_55,sex_male,632.0,81.0,1,10.905206582624672
636,87.79028650885391,199834.08446993073,144.85753051326168,Cooking_yes,Lighting_yes,Refrigeration_yes,Urbanity_Urban,Education_Post_Secondary,Size_5,age_36_45,sex_male,636.0,81.0,1,1.0933860199942238
637,85.58951449435392,187105.10073749238,135.06768359845893,Cooking_yes,Lighting_yes,Refrigeration_yes,Urbanity_Urban,Education_Post_Secondary,Size_4,age_36_45,sex_male,637.0,81.0,1,0.45593642077656504
638,85.17609342810545,180282.45661833952,128.70430207850114,Cooking_yes,Lighting_yes,Refrigeration_yes,Urbanity_Urban,Education_Post_Secondary,Size_3,age_36_45,sex_male,638.0,81.0,1,79.90335104951646
642,99.50105481048178,225810.08652438386,162.14400508487822,Cooking_yes,Lighting_yes,Refrigeration_yes,Urbanity_Urban,Education_College,Size_3,age_46_55,sex_male,642.0,81.0,1,72.35262121136464
643,98.08252968342856,220150.05023104238,157.0142525359188,Cooking_yes,Lighting_yes,Refrigeration_yes,Urbanity_Urban,Education_College,Size_3,age_36_45,sex_male,643.0,81.0,1,68.44437946784433
647,87.37583721896677,170228.50872950375,117.72555753895149,Cooking_yes,Lighting_yes,Refrigeration_yes,Urbanity_Urban,Education_Post_Secondary,Size_3,age_26_35,sex_male,647.0,51.0,1,54.73066532135954
648,89.71850913339847,196805.85399246606,150.59700826722985,Cooking_yes,Lighting_yes,Refrigeration_yes,Urbanity_Urban,Education_Post_Secondary,Size_4,age_46_55,sex_male,648.0,81.0,1,19.36417816429678
655,102.14478376992226,241626.22726219826,182.3278294009429,Cooking_yes,Lighting_yes,Refrigeration_yes,Urbanity_Urban,Education_College,Size_5,age_46_55,sex_male,655.0,81.0,1,17.542656181842325
656,83.55660027523109,148578.33444830074,110.53196129926852,Cooking_no,Lighting_yes,Refrigeration_yes,Urbanity_Urban,Education_High_School,Size_3,age_46_55,sex_male,656.0,31.0,1,173.10977675085087
657,94.94947277189344,224503.5914067065,172.32453716731618,Cooking_yes,Lighting_yes,Refrigeration_yes,Urbanity_Urban,Education_Post_Graduate,Size_4,age_36_45,sex_female,657.0,81.0,1,0.6781012726078153
658,78.4822816942001,120129.06178818812,91.3061373177636,Cooking_yes,Lighting_yes,Refrigeration_yes,Urbanity_Urban,Education_Elementary_School,Size_4,age_46_55,sex_male,658.0,31.0,1,22.916570920071003
659,99.1525325897988,241726.2455047325,172.54559956744438,Cooking_yes,Lighting_yes,Refrigeration_yes,Urbanity_Urban,Education_College,Size_5,age_46_55,sex_male,659.0,81.0,1,12.542656181842325
662,99.13573165485356,234153.78422340602,168.35087890873154,Cooking_yes,Lighting_yes,Refrigeration_yes,Urbanity_Urban,Education_Post_Secondary,Size_8,age_46_55,sex_male,662.0,81.0,1,17.19324802523073
668,94.15416943836505,226300.8722064572,165.53003110269452,Cooking_yes,Lighting_yes,Refrigeration_yes,Urbanity_Urban,Education_Post_Secondary,Size_7,age_46_55,sex_male,668.0,81.0,1,10.807701091250877
669,92.8985263732357,218324.39493419492,152.38841431796996,Cooking_yes,Lighting_yes,Refrigeration_yes,Urbanity_Urban,Education_College,Size_2,age_46_55,sex_male,669.0,81.0,1,42.568845771005414
670,94.77281377736769,223008.91300958552,163.30103087554778,Cooking_yes,Lighting_yes,Refrigeration_yes,Urbanity_Urban,Education_College,Size_2,age_46_55,sex_female,670.0,81.0,1,35.63675052859398
674,101.23732464177091,227383.14942319,155.29467136953403,Cooking_yes,Lighting_yes,Refrigeration_yes,Urbanity_Urban,Education_College,Size_3,age_46_55,sex_male,674.0,81.0,1,101.35262121136464
676,83.96233562396735,209242.62260551905,151.92114277523913,Cooking_no,Lighting_yes,Refrigeration_yes,Urbanity_Urban,Education_Post_Secondary,Size_5,age_46_55,sex_male,676.0,81.0,1,14.597100479059293
677,95.6607848933358,263194.4119000623,188.67598777101415,Cooking_no,Lighting_yes,Refrigeration_yes,Urbanity_Urban,Education_College,Size_6,age_46_55,sex_male,677.0,81.0,1,4.175059816418562
678,91.48378913836441,219063.16843045983,166.3515409277589,Cooking_yes,Lighting_yes,Refrigeration_yes,Urbanity_Urban,Education_Post_Graduate,Size_3,age_56_65,sex_male,678.0,81.0,1,7.707418809682203
681,89.39262313516666,206293.4043530937,155.67588615897645,Cooking_yes,Lighting_yes,Refrigeration_yes,Urbanity_Urban,Education_Post_Secondary,Size_5,age_46_55,sex_male,681.0,81.0,1,18.001627763514435
682,90.34668460058006,188925.90881198694,135.83996396783087,Cooking_yes,Lighting_yes,Refrigeration_yes,Urbanity_Urban,Education_Post_Secondary,Size_4,age_36_45,sex_male,682.0,81.0,1,1.455936420776565
684,87.90643582720078,171439.41729396582,115.18791999669568,Cooking_yes,Lighting_yes,Refrigeration_yes,Urbanity_Urban,Education_College,Size_3,age_36_45,sex_male,684.0,51.0,1,109.44437946784433
685,86.28420113977087,170911.36629749395,128.04313556899382,Cooking_yes,Lighting_yes,Refrigeration_yes,Urbanity_Urban,Education_Post_Secondary,Size_3,age_26_35,sex_male,685.0,51.0,1,68.73066532135954
686,92.02248198698791,211066.45276309585,153.65065756508517,Cooking_yes,Lighting_yes,Refrigeration_yes,Urbanity_Urban,Education_College,Size_3,age_26_35,sex_male,686.0,81.0,1,33.271693739687464
687,63.84577406420204,103088.9409891541,79.83268961092041,Cooking_no,Lighting_yes,Refrigeration_yes,Urbanity_Urban,Education_Elementary_School,Size_3,age_36_45,sex_male,687.0,31.0,1,164.0512165208358
693,93.8825533597946,230481.03694214308,162.91620378132498,Cooking_yes,Lighting_yes,Refrigeration_yes,Urbanity_Rural,Education_College,Size_5,age_26_35,sex_male,693.0,51.0,1,3.249391318188321
7,14.709618365085603,153809.33366165758,36.68433204518021,Cooking_yes,Lighting_yes,Refrigeration_yes,Urbanity_Urban,Education_Post_Secondary,Size_4,age_46_55,sex_female,,,17,17.0
11,15.972791220244034,181381.66645680348,47.78753597325111,Cooking_yes,Lighting_yes,Refrigeration_yes,Urbanity_Urban,Education_Post_Secondary,Size_3,age_46_55,sex_male,,,276,276.0
13,15.575168982697903,198818.7947234313,51.635459929772836,Cooking_yes,Lighting_yes,Refrigeration_yes,Urbanity_Urban,Education_Post_Secondary,Size_5,age_36_45,sex_male,,,8,8.0
14,14.100282842532096,159660.4606632923,42.429268771930964,Cooking_no,Lighting_yes,Refrigeration_yes,Urbanity_Urban,Education_Post_Secondary,Size_2,age_26_35,sex_male,,,8,8.0
16,17.182870204306752,227525.120700983,59.44844509852899,Cooking_no,Lighting_yes,Refrigeration_yes,Urbanity_Urban,Education_College,Size_3,age_46_55,sex_male,,,267,267.0
17,14.224699923609677,172828.26973637316,45.07322300127532,Cooking_no,Lighting_yes,Refrigeration_yes,Urbanity_Urban,Education_Post_Secondary,Size_3,age_36_45,sex_male,,,184,184.0
18,15.116524607777734,184827.2687268816,50.959120561775464,Cooking_no,Lighting_yes,Refrigeration_yes,Urbanity_Urban,Education_Post_Secondary,Size_3,age_46_55,sex_male,,,276,276.0
20,14.871233204045211,189919.08904308296,50.505250339174054,Cooking_yes,Lighting_yes,Refrigeration_yes,Urbanity_Urban,Education_Post_Secondary,Size_3,age_46_55,sex_female,,,257,257.0
22,18.554954808486215,248184.7305356191,63.76873135093885,Cooking_yes,Lighting_yes,Refrigeration_yes,Urbanity_Urban,Education_College,Size_5,age_46_55,sex_female,,,21,21.0
28,17.460396609778257,272518.68576235237,72.02535841471719,Cooking_no,Lighting_yes,Refrigeration_yes,Urbanity_Urban,Education_College,Size_7,age_46_55,sex_male,,,59,59.0
30,16.553763983227455,208897.3851770832,55.801802039947844,Cooking_no,Lighting_yes,Refrigeration_yes,Urbanity_Urban,Education_College,Size_2,age_36_45,sex_male,,,130,130.0
31,17.111756504138242,226618.28547341184,58.84995306550836,Cooking_no,Lighting_yes,Refrigeration_yes,Urbanity_Urban,Education_College,Size_2,age_46_55,sex_female,,,146,146.0
33,16.790232811606458,207813.23775432745,55.391222270322075,Cooking_yes,Lighting_yes,Refrigeration_yes,Urbanity_Urban,Education_College,Size_2,age_36_45,sex_male,,,118,118.0
34,17.354475927155377,217936.40968111163,54.268300435385044,Cooking_yes,Lighting_yes,Refrigeration_yes,Urbanity_Urban,Education_College,Size_2,age_36_45,sex_female,,,98,98.0
35,17.08922815430526,217851.49383652085,55.49471063112789,Cooking_yes,Lighting_yes,Refrigeration_yes,Urbanity_Urban,Education_College,Size_2,age_46_55,sex_male,,,158,158.0
37,13.81441835071329,168651.6244762425,46.04907593641484,Cooking_yes,Lighting_yes,Refrigeration_yes,Urbanity_Rural,Education_High_School,Size_6,age_36_45,sex_male,,,4,4.0
38,14.140581121635222,174434.49183443756,46.08693384816311,Cooking_no,Lighting_yes,Refrigeration_yes,Urbanity_Urban,Education_Post_Secondary,Size_3,age_36_45,sex_male,,,189,189.0
43,17.80074552858032,212005.67808926426,54.66665679525771,Cooking_yes,Lighting_yes,Refrigeration_yes,Urbanity_Urban,Education_Post_Secondary,Size_5,age_46_55,sex_female,,,28,28.0
44,15.637683842628391,203714.30075587466,56.3267313098915,Cooking_no,Lighting_yes,Refrigeration_yes,Urbanity_Urban,Education_Post_Secondary,Size_5,age_46_55,sex_female,,,31,31.0
45,15.988597890131075,187009.14815981057,49.082579726989934,Cooking_yes,Lighting_yes,Refrigeration_yes,Urbanity_Urban,Education_Post_Secondary,Size_3,age_36_45,sex_female,,,199,199.0
46,16.36075274376607,181163.8818452467,50.28384995340943,Cooking_yes,Lighting_yes,Refrigeration_yes,Urbanity_Urban,Education_Post_Secondary,Size_3,age_36_45,sex_female,,,217,217.0
49,13.269767917137287,150738.09627897837,36.65117148644893,Cooking_no,Lighting_yes,Refrigeration_yes,Urbanity_Urban,Education_Post_Secondary,Size_4,age_46_55,sex_male,,,32,32.0
54,15.565620978837245,175571.74459424868,45.95380139997545,Cooking_yes,Lighting_yes,Refrigeration_yes,Urbanity_Urban,Education_Post_Secondary,Size_3,age_36_45,sex_male,,,172,172.0
56,16.311140563864157,214771.7068722748,61.126221308735666,Cooking_yes,Lighting_yes,Refrigeration_yes,Urbanity_Urban,Education_Post_Graduate,Size_3,age_46_55,sex_male,,,318,318.0
62,16.216081839221133,189650.38199139189,50.22928166579169,Cooking_yes,Lighting_yes,Refrigeration_yes,Urbanity_Urban,Education_Post_Secondary,Size_4,age_46_55,sex_male,,,47,47.0
64,16.856030883543383,197539.06008299006,52.47887421858458,Cooking_yes,Lighting_yes,Refrigeration_yes,Urbanity_Urban,Education_Post_Secondary,Size_3,age_66_75,sex_male,,,5,5.0
66,16.660987419819776,186533.13086521605,48.270117303807055,Cooking_yes,Lighting_yes,Refrigeration_yes,Urbanity_Urban,Education_Post_Secondary,Size_3,age_46_55,sex_male,,,278,278.0
68,17.934203187547183,245694.83266689442,64.9877291406916,Cooking_no,Lighting_yes,Refrigeration_yes,Urbanity_Urban,Education_College,Size_5,age_46_55,sex_male,,,37,37.0
71,16.961560067458578,202011.29042420376,52.68226901086341,Cooking_yes,Lighting_yes,Refrigeration_yes,Urbanity_Urban,Education_Post_Secondary,Size_5,age_36_45,sex_male,,,8,8.0
72,17.169660977821763,213549.38226572087,54.685240430238636,Cooking_yes,Lighting_yes,Refrigeration_yes,Urbanity_Urban,Education_College,Size_2,age_46_55,sex_male,,,170,170.0
75,16.666736745308015,225944.8225087,58.25624106751253,Cooking_no,Lighting_yes,Refrigeration_yes,Urbanity_Urban,Education_College,Size_3,age_46_55,sex_male,,,270,270.0
79,14.596789405266549,170935.73336577468,45.60448576179358,Cooking_no,Lighting_yes,Refrigeration_yes,Urbanity_Urban,Education_Post_Secondary,Size_2,age_46_55,sex_male,,,136,136.0
82,16.84171247821598,221374.61733870851,58.44046636498243,Cooking_no,Lighting_yes,Refrigeration_yes,Urbanity_Urban,Education_Post_Secondary,Size_7,age_36_45,sex_male,,,29,29.0
87,16.5952211516816,228933.87074409856,59.44966300884319,Cooking_yes,Lighting_yes,Refrigeration_yes,Urbanity_Urban,Education_College,Size_3,age_46_55,sex_male,,,260,260.0
88,15.38742335276612,172035.6775477934,42.60662396658721,Cooking_yes,Lighting_yes,Refrigeration_yes,Urbanity_Urban,Education_Post_Secondary,Size_6,age_46_55,sex_male,,,15,15.0
91,15.591838656412577,129965.72454935766,36.3184080258914,Cooking_yes,Lighting_yes,Refrigeration_yes,Urbanity_Urban,Education_High_School,Size_2,age_36_45,sex_male,,,46,46.0
92,17.083585423133115,225978.82781766352,63.46133903301583,Cooking_yes,Lighting_yes,Refrigeration_yes,Urbanity_Urban,Education_Post_Graduate,Size_5,age_36_45,sex_male,,,40,40.0
97,17.517380286139343,230121.8553609752,60.586987785970464,Cooking_yes,Lighting_yes,Refrigeration_yes,Urbanity_Urban,Education_College,Size_3,age_46_55,sex_female,,,248,248.0
98,15.298542923433303,174150.50564439368,46.062399499083085,Cooking_yes,Lighting_yes,Refrigeration_yes,Urbanity_Rural,Education_Post_Secondary,Size_2,age_36_45,sex_female,,,88,88.0
101,14.408059612128739,167998.81347917786,43.88724780224403,Cooking_no,Lighting_yes,Refrigeration_yes,Urbanity_Urban,Education_Post_Secondary,Size_2,age_36_45,sex_male,,,99,99.0
102,14.320258797735178,158049.03951010975,41.372179311033776,Cooking_no,Lighting_yes,Refrigeration_yes,Urbanity_Urban,Education_Post_Secondary,Size_2,age_26_35,sex_male,,,9,9.0
107,18.48869777675307,242879.2898120344,67.86546720769412,Cooking_no,Lighting_yes,Refrigeration_yes,Urbanity_Urban,Education_Post_Graduate,Size_6,age_46_55,sex_male,,,50,50.0
108,17.518953025963427,214986.367702721,58.50008012190041,Cooking_yes,Lighting_yes,Refrigeration_yes,Urbanity_Urban,Education_Post_Secondary,Size_6,age_46_55,sex_male,,,21,21.0
112,17.21567538132642,225754.4302656326,60.34457612673137,Cooking_yes,Lighting_yes,Refrigeration_yes,Urbanity_Urban,Education_College,Size_2,age_46_55,sex_female,,,142,142.0
113,17.351671776015436,229956.08309973055,60.77168330173586,Cooking_yes,Lighting_yes,Refrigeration_yes,Urbanity_Urban,Education_College,Size_3,age_46_55,sex_male,,,261,261.0
114,15.713503057776734,207884.77047266628,54.22763877236525,Cooking_no,Lighting_yes,Refrigeration_yes,Urbanity_Urban,Education_Post_Secondary,Size_5,age_46_55,sex_male,,,51,51.0
115,16.594858061990294,232819.10214250395,62.28254148179332,Cooking_no,Lighting_yes,Refrigeration_yes,Urbanity_Urban,Education_Post_Secondary,Size_8,age_46_55,sex_male,,,68,68.0
117,15.828310791293731,194986.35537840612,51.954592275321346,Cooking_no,Lighting_yes,Refrigeration_yes,Urbanity_Urban,Education_Post_Secondary,Size_5,age_36_45,sex_male,,,10,10.0
118,17.042103081387125,190033.40833481555,52.21130658927457,Cooking_yes,Lighting_yes,Refrigeration_yes,Urbanity_Urban,Education_Post_Secondary,Size_4,age_36_45,sex_male,,,1,1.0
122,16.465490658655142,216292.5582507004,56.97013385576379,Cooking_no,Lighting_yes,Refrigeration_yes,Urbanity_Urban,Education_College,Size_3,age_36_45,sex_male,,,216,216.0
123,18.19640235221651,245460.7855914193,61.65640618979339,Cooking_yes,Lighting_yes,Refrigeration_yes,Urbanity_Urban,Education_College,Size_5,age_46_55,sex_male,,,39,39.0
126,15.666250525702893,210813.01466540122,54.84269812056857,Cooking_no,Lighting_yes,Refrigeration_yes,Urbanity_Urban,Education_College,Size_2,age_36_45,sex_female,,,105,105.0
129,18.40677111631811,251171.63664530625,64.44704582563594,Cooking_yes,Lighting_yes,Refrigeration_yes,Urbanity_Urban,Education_College,Size_5,age_46_55,sex_female,,,23,23.0
136,17.84149535639068,220628.8167439423,56.09252290468994,Cooking_no,Lighting_yes,Refrigeration_yes,Urbanity_Urban,Education_College,Size_3,age_36_45,sex_female,,,208,208.0
137,17.507535119814122,226747.542959093,59.63654070439836,Cooking_no,Lighting_yes,Refrigeration_yes,Urbanity_Urban,Education_College,Size_3,age_46_55,sex_male,,,245,245.0
138,16.50466025879095,232576.8383897178,60.46625759468067,Cooking_no,Lighting_yes,Refrigeration_yes,Urbanity_Urban,Education_College,Size_3,age_46_55,sex_female,,,243,243.0
140,16.756394850672933,185396.2119045167,50.12148894262471,Cooking_yes,Lighting_yes,Refrigeration_yes,Urbanity_Urban,Education_Post_Secondary,Size_3,age_46_55,sex_female,,,261,261.0
141,17.513358801591778,249985.3033590031,64.77235087086638,Cooking_yes,Lighting_yes,Refrigeration_yes,Urbanity_Urban,Education_Post_Secondary,Size_9,age_46_55,sex_female,,,21,21.0
143,17.505102090917603,229570.82747464575,58.502169418093416,Cooking_yes,Lighting_yes,Refrigeration_yes,Urbanity_Urban,Education_Post_Secondary,Size_8,age_36_45,sex_male,,,26,26.0
148,17.75317865382813,233215.42258247692,60.64178919137656,Cooking_yes,Lighting_yes,Refrigeration_yes,Urbanity_Urban,Education_College,Size_3,age_46_55,sex_female,,,236,236.0
150,15.990511204691273,170166.51216607646,45.244565427574074,Cooking_yes,Lighting_yes,Refrigeration_yes,Urbanity_Urban,Education_Post_Secondary,Size_2,age_36_45,sex_female,,,86,86.0
155,14.547652067773583,161346.46130908202,44.47183979797656,Cooking_yes,Lighting_yes,Refrigeration_yes,Urbanity_Urban,Education_Post_Secondary,Size_2,age_26_35,sex_male,,,6,6.0
156,14.818052959894217,169369.44526000248,45.6419927194049,Cooking_no,Lighting_yes,Refrigeration_yes,Urbanity_Urban,Education_Post_Secondary,Size_2,age_36_45,sex_male,,,103,103.0
157,17.839543662702766,223915.76100110626,56.90752221041883,Cooking_yes,Lighting_yes,Refrigeration_yes,Urbanity_Urban,Education_College,Size_3,age_46_55,sex_male,,,258,258.0
158,16.900506027177002,228756.98776077235,59.591021306012706,Cooking_no,Lighting_yes,Refrigeration_yes,Urbanity_Urban,Education_College,Size_3,age_46_55,sex_male,,,264,264.0
160,16.674876162070163,229400.606953878,60.69487757866524,Cooking_no,Lighting_yes,Refrigeration_yes,Urbanity_Urban,Education_College,Size_3,age_36_45,sex_female,,,196,196.0
162,16.94090463757982,221253.49888620398,57.19871022692388,Cooking_yes,Lighting_yes,Refrigeration_yes,Urbanity_Urban,Education_College,Size_3,age_36_45,sex_female,,,194,194.0
163,17.29478685531764,220271.90851777905,57.37029424389705,Cooking_yes,Lighting_yes,Refrigeration_yes,Urbanity_Urban,Education_College,Size_3,age_36_45,sex_male,,,216,216.0
164,17.04958945880294,240326.54732711602,64.51104966011117,Cooking_no,Lighting_yes,Refrigeration_yes,Urbanity_Urban,Education_Post_Secondary,Size_9,age_46_55,sex_male,,,41,41.0
166,12.483616685153557,110650.85329477627,31.002844510192865,Cooking_no,Lighting_yes,Refrigeration_yes,Urbanity_Urban,Education_Elementary_School,Size_3,age_46_55,sex_male,,,165,165.0
167,17.569900287572167,266877.6200554045,70.55380027830813,Cooking_no,Lighting_yes,Refrigeration_yes,Urbanity_Urban,Education_College,Size_7,age_46_55,sex_male,,,57,57.0
169,15.98104773294122,189804.5010237953,50.679281954132534,Cooking_no,Lighting_yes,Refrigeration_yes,Urbanity_Urban,Education_Post_Secondary,Size_3,age_56_65,sex_male,,,4,4.0
170,17.912711816195284,234936.0374470482,59.59641736410116,Cooking_yes,Lighting_yes,Refrigeration_yes,Urbanity_Urban,Education_College,Size_4,age_46_55,sex_male,,,26,26.0
171,14.925132339810943,185065.9263931007,49.36050808395515,Cooking_no,Lighting_yes,Refrigeration_yes,Urbanity_Urban,Education_Post_Secondary,Size_3,age_36_45,sex_female,,,209,209.0
173,16.136606412069497,209308.47379619206,55.37441766371741,Cooking_yes,Lighting_yes,Refrigeration_yes,Urbanity_Urban,Education_College,Size_3,age_26_35,sex_male,,,107,107.0
175,16.103033683207897,187916.42384615255,48.826123036555416,Cooking_yes,Lighting_yes,Refrigeration_yes,Urbanity_Urban,Education_Post_Secondary,Size_4,age_36_45,sex_male,,,2,2.0
176,14.643132985534066,154522.32803192947,37.112665448051104,Cooking_yes,Lighting_yes,Refrigeration_yes,Urbanity_Urban,Education_Post_Secondary,Size_4,age_46_55,sex_female,,,17,17.0
177,13.072111182623246,135959.4056231349,37.72744918690853,Cooking_yes,Lighting_yes,Refrigeration_yes,Urbanity_Urban,Education_Elementary_School,Size_5,age_46_55,sex_female,,,11,11.0
178,17.734336057551815,224123.1562519461,61.05252082551763,Cooking_yes,Lighting_yes,Refrigeration_yes,Urbanity_Urban,Education_College,Size_3,age_36_45,sex_female,,,200,200.0
180,17.469106654771437,241911.9465834341,62.7083891559069,Cooking_no,Lighting_yes,Refrigeration_yes,Urbanity_Urban,Education_College,Size_4,age_46_55,sex_male,,,35,35.0
181,15.083566287855106,185077.7289738915,48.82940986035118,Cooking_no,Lighting_yes,Refrigeration_yes,Urbanity_Urban,Education_Post_Secondary,Size_3,age_36_45,sex_female,,,214,214.0
182,14.579880459514655,184972.736343212,48.371464890938,Cooking_no,Lighting_yes,Refrigeration_yes,Urbanity_Urban,Education_Post_Secondary,Size_3,age_36_45,sex_female,,,214,214.0
183,16.464851519609795,193291.02970201857,49.97056079875203,Cooking_yes,Lighting_yes,Refrigeration_yes,Urbanity_Urban,Education_Post_Secondary,Size_4,age_46_55,sex_male,,,45,45.0
185,20.484069857639,302324.14206909924,81.21684956423212,Cooking_yes,Lighting_yes,Refrigeration_yes,Urbanity_Urban,Education_College,Size_10,age_36_45,sex_female,,,20,20.0
188,15.879106914387862,199771.48693377007,54.19588807823851,Cooking_no,Lighting_yes,Refrigeration_yes,Urbanity_Urban,Education_Post_Secondary,Size_4,age_46_55,sex_male,,,43,43.0
190,15.694860660449166,197914.05043526288,51.193437285511465,Cooking_no,Lighting_yes,Refrigeration_yes,Urbanity_Urban,Education_Post_Secondary,Size_3,age_66_75,sex_male,,,7,7.0
196,15.77688548048107,181516.39788121413,48.78831445696399,Cooking_yes,Lighting_yes,Refrigeration_yes,Urbanity_Urban,Education_Post_Secondary,Size_3,age_26_35,sex_female,,,90,90.0
197,17.12363009741624,216132.87800574864,57.60581381561873,Cooking_yes,Lighting_yes,Refrigeration_yes,Urbanity_Urban,Education_College,Size_3,age_26_35,sex_male,,,107,107.0
198,17.64911925408488,217443.4943222834,57.33982213289376,Cooking_yes,Lighting_yes,Refrigeration_yes,Urbanity_Urban,Education_College,Size_3,age_36_45,sex_male,,,223,223.0
203,19.607514294677785,269606.87746583985,70.736854022198,Cooking_yes,Lighting_yes,Refrigeration_yes,Urbanity_Urban,Education_College,Size_7,age_46_55,sex_female,,,38,38.0
204,17.21185593148512,219743.08617831988,56.92835229128798,Cooking_yes,Lighting_yes,Refrigeration_yes,Urbanity_Urban,Education_College,Size_3,age_36_45,sex_male,,,221,221.0
207,14.199659420770942,176436.73541022875,47.129793111583226,Cooking_no,Lighting_yes,Refrigeration_yes,Urbanity_Urban,Education_Post_Secondary,Size_3,age_26_35,sex_female,,,79,79.0
208,14.997943511997988,166625.31854984642,44.47157383512136,Cooking_yes,Lighting_no,Refrigeration_yes,Urbanity_Urban,Education_Post_Secondary,Size_3,age_26_35,sex_male,,,26,26.0
210,15.710203778621562,190052.43508023454,51.164562420528824,Cooking_yes,Lighting_yes,Refrigeration_yes,Urbanity_Urban,Education_Post_Secondary,Size_4,age_36_45,sex_male,,,2,2.0
215,16.5849322623272,208534.6904867868,58.50367589290411,Cooking_yes,Lighting_yes,Refrigeration_yes,Urbanity_Urban,Education_Post_Graduate,Size_3,age_36_45,sex_male,,,254,254.0
216,17.244685653365522,217036.58348591643,57.78116026001834,Cooking_yes,Lighting_yes,Refrigeration_yes,Urbanity_Urban,Education_Post_Secondary,Size_6,age_46_55,sex_male,,,17,17.0
218,16.21952203769135,219999.12341066985,58.71807388560765,Cooking_no,Lighting_yes,Refrigeration_yes,Urbanity_Urban,Education_Post_Secondary,Size_7,age_36_45,sex_male,,,24,24.0
219,16.267976266801682,200293.22909427085,52.66236983457013,Cooking_yes,Lighting_yes,Refrigeration_yes,Urbanity_Urban,Education_Post_Secondary,Size_5,age_46_55,sex_male,,,47,47.0
221,14.060150500338494,161077.19193054095,42.949797975000436,Cooking_yes,Lighting_yes,Refrigeration_yes,Urbanity_Rural,Education_Post_Secondary,Size_2,age_26_35,sex_male,,,55,55.0
222,16.175372179902027,193641.74884448547,51.08090339201968,Cooking_yes,Lighting_yes,Refrigeration_yes,Urbanity_Urban,Education_Post_Secondary,Size_4,age_46_55,sex_male,,,35,35.0
223,15.949946221064337,189930.21745806315,45.41693165956988,Cooking_yes,Lighting_yes,Refrigeration_yes,Urbanity_Urban,Education_College,Size_4,age_46_55,sex_male,,,26,26.0
224,16.634344663287848,210095.9708961534,54.970884812759095,Cooking_yes,Lighting_yes,Refrigeration_yes,Urbanity_Urban,Education_College,Size_2,age_36_45,sex_male,,,113,113.0
226,16.81565903967426,217639.97723753075,56.18245717684539,Cooking_yes,Lighting_yes,Refrigeration_yes,Urbanity_Urban,Education_Post_Secondary,Size_7,age_36_45,sex_male,,,30,30.0
229,16.128136300965096,172091.99932888473,45.022945003441976,Cooking_yes,Lighting_yes,Refrigeration_yes,Urbanity_Urban,Education_Post_Secondary,Size_2,age_46_55,sex_male,,,108,108.0
232,16.64160747741292,237503.6055300368,62.01893781755328,Cooking_no,Lighting_yes,Refrigeration_yes,Urbanity_Urban,Education_College,Size_4,age_46_55,sex_male,,,31,31.0
233,15.042810087579682,193552.41326517006,51.35332623772962,Cooking_no,Lighting_yes,Refrigeration_yes,Urbanity_Urban,Education_Post_Secondary,Size_4,age_46_55,sex_male,,,42,42.0
235,16.09149141158815,203875.7301152505,57.58387966351664,Cooking_no,Lighting_yes,Refrigeration_yes,Urbanity_Urban,Education_Post_Graduate,Size_3,age_26_35,sex_female,,,118,118.0
236,16.926430200775044,241765.12431437385,64.87940018486908,Cooking_no,Lighting_yes,Refrigeration_yes,Urbanity_Urban,Education_Post_Graduate,Size_6,age_36_45,sex_male,,,5,5.0
237,18.018215409664947,237874.7968622001,59.085392579817295,Cooking_yes,Lighting_yes,Refrigeration_yes,Urbanity_Urban,Education_College,Size_4,age_46_55,sex_male,,,39,39.0
238,15.697233590119538,185814.32492768625,49.17084340799225,Cooking_yes,Lighting_yes,Refrigeration_yes,Urbanity_Urban,Education_Post_Secondary,Size_4,age_36_45,sex_male,,,1,1.0
240,16.609801875663763,225531.7449108212,58.345461052217274,Cooking_no,Lighting_yes,Refrigeration_yes,Urbanity_Urban,Education_College,Size_3,age_46_55,sex_male,,,266,266.0
241,15.891972241970208,187525.65880343353,49.98198170075226,Cooking_no,Lighting_yes,Refrigeration_yes,Urbanity_Urban,Education_Post_Secondary,Size_3,age_56_65,sex_male,,,3,3.0
245,16.891033207854477,220748.75672650148,61.26715487397249,Cooking_yes,Lighting_yes,Refrigeration_yes,Urbanity_Urban,Education_Post_Secondary,Size_7,age_46_55,sex_male,,,70,70.0
246,19.078665505730967,266821.913265788,70.5824474751441,Cooking_yes,Lighting_yes,Refrigeration_yes,Urbanity_Urban,Education_College,Size_7,age_46_55,sex_male,,,63,63.0
249,19.005414767477944,246688.8912032357,62.438327958860825,Cooking_yes,Lighting_yes,Refrigeration_yes,Urbanity_Urban,Education_College,Size_5,age_46_55,sex_male,,,38,38.0
251,18.14190731281174,224352.35018133023,57.47314530575058,Cooking_yes,Lighting_yes,Refrigeration_yes,Urbanity_Urban,Education_College,Size_3,age_36_45,sex_female,,,197,197.0
252,19.145731054584047,255119.61923041948,65.11844081565621,Cooking_yes,Lighting_yes,Refrigeration_yes,Urbanity_Urban,Education_College,Size_6,age_46_55,sex_male,,,9,9.0
254,14.627177710371882,189106.56155781925,50.4069127022275,Cooking_no,Lighting_yes,Refrigeration_yes,Urbanity_Urban,Education_Post_Secondary,Size_4,age_36_45,sex_male,,,2,2.0
256,16.062588352063656,211077.22410273715,56.28904746863326,Cooking_no,Lighting_yes,Refrigeration_yes,Urbanity_Urban,Education_College,Size_2,age_36_45,sex_male,,,116,116.0
257,14.798459034295917,184283.63741922312,48.5156636682443,Cooking_no,Lighting_yes,Refrigeration_yes,Urbanity_Urban,Education_Post_Secondary,Size_3,age_46_55,sex_male,,,273,273.0
258,15.659742390599888,184762.29609272804,48.770697325976286,Cooking_yes,Lighting_yes,Refrigeration_yes,Urbanity_Urban,Education_Post_Secondary,Size_3,age_46_55,sex_male,,,258,258.0
259,16.15560790950883,217101.9016431846,60.844385385552286,Cooking_yes,Lighting_yes,Refrigeration_yes,Urbanity_Urban,Education_Post_Secondary,Size_6,age_46_55,sex_male,,,17,17.0
262,16.460519026252996,180370.64294202934,48.47100240689484,Cooking_yes,Lighting_yes,Refrigeration_yes,Urbanity_Urban,Education_Post_Secondary,Size_3,age_26_35,sex_female,,,98,98.0
264,15.72663524654675,180811.91172569577,49.19163877305425,Cooking_no,Lighting_yes,Refrigeration_yes,Urbanity_Urban,Education_Post_Secondary,Size_3,age_46_55,sex_male,,,274,274.0
265,17.106296794026306,202078.30240952832,54.34479455303753,Cooking_yes,Lighting_yes,Refrigeration_yes,Urbanity_Urban,Education_Post_Secondary,Size_5,age_46_55,sex_male,,,48,48.0
266,15.08206696736994,182822.7803152311,47.206386066306905,Cooking_yes,Lighting_yes,Refrigeration_yes,Urbanity_Urban,Education_Post_Secondary,Size_3,age_36_45,sex_male,,,242,242.0
268,15.037513770568978,167585.87223432615,43.4496318303035,Cooking_yes,Lighting_yes,Refrigeration_yes,Urbanity_Urban,Education_Post_Secondary,Size_3,age_19_25,sex_male,,,1,1.0
269,16.37254180853043,171519.56674721127,44.43367349439198,Cooking_yes,Lighting_yes,Refrigeration_yes,Urbanity_Urban,Education_Post_Secondary,Size_3,age_26_35,sex_male,,,92,92.0
270,15.92253157632048,187257.60052965503,50.40735206302901,Cooking_yes,Lighting_yes,Refrigeration_yes,Urbanity_Urban,Education_Post_Secondary,Size_3,age_46_55,sex_male,,,280,280.0
272,15.8997244468367,177941.61865394586,48.422103471544375,Cooking_yes,Lighting_yes,Refrigeration_yes,Urbanity_Urban,Education_Post_Secondary,Size_2,age_46_55,sex_female,,,116,116.0
275,14.370683682217987,165594.08964183697,43.70725069856046,Cooking_no,Lighting_yes,Refrigeration_yes,Urbanity_Urban,Education_Post_Secondary,Size_3,age_19_25,sex_male,,,1,1.0
276,16.486008297527576,229951.512243058,62.82342330890846,Cooking_no,Lighting_yes,Refrigeration_yes,Urbanity_Urban,Education_Post_Secondary,Size_5,age_86_100,sex_male,,,11,11.0
277,15.272289020844866,195109.50026751327,52.829352310076246,Cooking_no,Lighting_yes,Refrigeration_yes,Urbanity_Urban,Education_Post_Secondary,Size_5,age_36_45,sex_male,,,11,11.0
278,15.156814272174657,182468.24951552905,48.20808297906882,Cooking_no,Lighting_yes,Refrigeration_yes,Urbanity_Urban,Education_Post_Secondary,Size_3,age_36_45,sex_female,,,211,211.0
279,14.827100970752866,174842.17295136588,46.122101575585646,Cooking_yes,Lighting_yes,Refrigeration_yes,Urbanity_Urban,Education_Post_Secondary,Size_3,age_36_45,sex_male,,,182,182.0
280,16.80481202416263,213755.49349234608,56.771295790259956,Cooking_yes,Lighting_yes,Refrigeration_yes,Urbanity_Urban,Education_College,Size_3,age_36_45,sex_male,,,206,206.0
281,18.25267719533791,258882.7172551172,66.46129968202521,Cooking_no,Lighting_yes,Refrigeration_yes,Urbanity_Urban,Education_College,Size_6,age_46_55,sex_male,,,9,9.0
282,15.15629998259081,214493.7005084045,56.943345006461286,Cooking_no,Lighting_yes,Refrigeration_yes,Urbanity_Urban,Education_Post_Secondary,Size_6,age_46_55,sex_male,,,21,21.0
283,17.737392933323747,252368.58761129552,65.90358566558885,Cooking_no,Lighting_yes,Refrigeration_yes,Urbanity_Urban,Education_College,Size_6,age_46_55,sex_male,,,9,9.0
287,18.99871048673998,271901.48216539976,70.3920978789918,Cooking_no,Lighting_yes,Refrigeration_yes,Urbanity_Urban,Education_College,Size_7,age_46_55,sex_male,,,59,59.0
288,14.436343211034867,187518.93042311,49.98983005756551,Cooking_no,Lighting_yes,Refrigeration_yes,Urbanity_Urban,Education_Post_Secondary,Size_4,age_36_45,sex_male,,,3,3.0
289,16.632073809562698,220775.74844932253,58.544122847514245,Cooking_no,Lighting_yes,Refrigeration_yes,Urbanity_Urban,Education_College,Size_3,age_26_35,sex_female,,,87,87.0
290,14.709026650956417,165086.95717933765,44.1013036956262,Cooking_no,Lighting_yes,Refrigeration_yes,Urbanity_Urban,Education_Post_Secondary,Size_2,age_36_45,sex_male,,,107,107.0
292,15.3592474395751,182118.28751523484,49.52100431983574,Cooking_yes,Lighting_yes,Refrigeration_yes,Urbanity_Urban,Education_Post_Secondary,Size_3,age_46_55,sex_male,,,280,280.0
293,15.228345992027286,171136.04225838964,40.978271142105896,Cooking_yes,Lighting_yes,Refrigeration_yes,Urbanity_Urban,Education_College,Size_3,age_26_35,sex_female,,,71,71.0
298,13.21067641790183,140915.01863995366,34.49301908554708,Cooking_no,Lighting_yes,Refrigeration_yes,Urbanity_Urban,Education_Post_Secondary,Size_3,age_46_55,sex_male,,,204,204.0
299,16.408680840298516,187577.77185643397,50.11916667220318,Cooking_no,Lighting_yes,Refrigeration_yes,Urbanity_Urban,Education_Post_Secondary,Size_3,age_56_65,sex_male,,,4,4.0
305,16.830505533803333,196634.00039498805,52.876583615983066,Cooking_yes,Lighting_yes,Refrigeration_yes,Urbanity_Urban,Education_Post_Secondary,Size_4,age_46_55,sex_female,,,19,19.0
310,16.358968833508698,191756.47432304095,50.931877864922626,Cooking_yes,Lighting_yes,Refrigeration_yes,Urbanity_Urban,Education_Post_Secondary,Size_3,age_56_65,sex_male,,,3,3.0
311,17.46453120970918,224343.2883174653,58.007560670036455,Cooking_yes,Lighting_yes,Refrigeration_yes,Urbanity_Urban,Education_College,Size_3,age_46_55,sex_male,,,266,266.0
312,12.549182698910329,94076.43358996119,25.91235493230142,Cooking_yes,Lighting_yes,Refrigeration_yes,Urbanity_Urban,Education_Elementary_School,Size_3,age_26_35,sex_male,,,57,57.0
313,15.459067458538087,172740.21230059426,46.44732918762497,Cooking_yes,Lighting_yes,Refrigeration_yes,Urbanity_Urban,Education_Post_Secondary,Size_3,age_26_35,sex_male,,,97,97.0
316,15.791864637651258,197228.44436510984,52.687787020714936,Cooking_no,Lighting_yes,Refrigeration_yes,Urbanity_Urban,Education_Post_Secondary,Size_4,age_46_55,sex_female,,,24,24.0
317,14.253836506610654,173473.94412120598,45.78863793045488,Cooking_no,Lighting_yes,Refrigeration_yes,Urbanity_Urban,Education_Post_Secondary,Size_3,age_36_45,sex_male,,,178,178.0
318,11.232406339153648,87892.34109377934,24.59256577126674,Cooking_no,Lighting_yes,Refrigeration_yes,Urbanity_Urban,Education_Elementary_School,Size_2,age_36_45,sex_male,,,66,66.0
320,17.688465868170994,247738.5982070065,65.46400223709259,Cooking_no,Lighting_yes,Refrigeration_yes,Urbanity_Urban,Education_College,Size_5,age_46_55,sex_male,,,46,46.0
323,13.294999309457559,139075.54847408168,37.05848228900217,Cooking_no,Lighting_yes,Refrigeration_yes,Urbanity_Urban,Education_High_School,Size_2,age_36_45,sex_female,,,28,28.0
324,17.395380578425417,233850.80759745862,62.189479461892134,Cooking_yes,Lighting_yes,Refrigeration_yes,Urbanity_Urban,Education_Post_Secondary,Size_8,age_46_55,sex_male,,,68,68.0
325,16.016747521812533,199000.1245040126,52.98820470610126,Cooking_yes,Lighting_yes,Refrigeration_yes,Urbanity_Urban,Education_Post_Secondary,Size_5,age_36_45,sex_male,,,6,6.0
327,16.4246410629667,217987.45682341265,56.75622073263267,Cooking_no,Lighting_yes,Refrigeration_yes,Urbanity_Urban,Education_College,Size_2,age_36_45,sex_female,,,91,91.0
328,16.31813945863675,207424.81992937825,59.144446844413764,Cooking_no,Lighting_yes,Refrigeration_yes,Urbanity_Urban,Education_Post_Graduate,Size_2,age_36_45,sex_female,,,137,137.0
330,15.716531842697549,175470.58979264038,45.94499524065975,Cooking_yes,Lighting_yes,Refrigeration_yes,Urbanity_Urban,Education_Post_Secondary,Size_3,age_36_45,sex_male,,,192,192.0
331,17.188587634275336,235732.8850559225,61.16393959543696,Cooking_yes,Lighting_yes,Refrigeration_yes,Urbanity_Urban,Education_College,Size_4,age_46_55,sex_male,,,33,33.0
334,14.829404083905473,169347.3542844416,45.41721646862351,Cooking_yes,Lighting_yes,Refrigeration_yes,Urbanity_Urban,Education_Post_Secondary,Size_3,age_26_35,sex_male,,,74,74.0
342,16.144733430885083,203803.51794996246,55.90260535015116,Cooking_yes,Lighting_yes,Refrigeration_yes,Urbanity_Urban,Education_Post_Secondary,Size_5,age_36_45,sex_male,,,8,8.0
343,16.055058770126152,201866.00279952714,54.118658680726014,Cooking_no,Lighting_yes,Refrigeration_yes,Urbanity_Urban,Education_Post_Secondary,Size_5,age_46_55,sex_male,,,48,48.0
344,14.291503072046865,172560.13895045838,45.30054827364508,Cooking_no,Lighting_yes,Refrigeration_yes,Urbanity_Urban,Education_Post_Secondary,Size_3,age_26_35,sex_female,,,71,71.0
349,14.767268923590507,150396.73727823782,36.700420655702494,Cooking_yes,Lighting_yes,Refrigeration_yes,Urbanity_Urban,Education_Post_Secondary,Size_4,age_46_55,sex_male,,,36,36.0
351,15.88739591026716,201126.37507140668,55.89204536640972,Cooking_no,Lighting_yes,Refrigeration_yes,Urbanity_Urban,Education_Post_Graduate,Size_3,age_19_25,sex_female,,,9,9.0
353,18.383555492308105,242456.34947579145,64.66231555870958,Cooking_yes,Lighting_yes,Refrigeration_yes,Urbanity_Urban,Education_College,Size_3,age_46_55,sex_female,,,242,242.0
356,16.72892165969354,219021.09890140122,63.27966667128891,Cooking_yes,Lighting_yes,Refrigeration_yes,Urbanity_Urban,Education_Post_Graduate,Size_4,age_36_45,sex_male,,,27,27.0
360,18.43177483597779,271142.8021115709,72.70986822409292,Cooking_yes,Lighting_yes,Refrigeration_yes,Urbanity_Urban,Education_College,Size_8,age_36_45,sex_male,,,15,15.0
361,19.092416766708254,261743.5274528301,70.18496860462113,Cooking_yes,Lighting_yes,Refrigeration_yes,Urbanity_Urban,Education_Post_Secondary,Size_10,age_46_55,sex_male,,,96,96.0
363,19.099133669711918,289151.93886885233,74.72784781762678,Cooking_no,Lighting_yes,Refrigeration_yes,Urbanity_Urban,Education_College,Size_10,age_36_45,sex_male,,,40,40.0
364,19.352465358704137,288880.2693116397,78.8541813481167,Cooking_no,Lighting_yes,Refrigeration_yes,Urbanity_Urban,Education_Post_Graduate,Size_10,age_46_55,sex_female,,,100,100.0
365,18.286302410744753,233943.53983663023,62.54329780452258,Cooking_yes,Lighting_yes,Refrigeration_yes,Urbanity_Urban,Education_Post_Secondary,Size_8,age_36_45,sex_female,,,7,7.0
367,17.573313239770883,223190.46616624622,58.49852374059488,Cooking_yes,Lighting_yes,Refrigeration_yes,Urbanity_Urban,Education_College,Size_3,age_46_55,sex_male,,,254,254.0
368,15.476462804719475,178948.2398263023,47.64933146653671,Cooking_yes,Lighting_yes,Refrigeration_yes,Urbanity_Urban,Education_Post_Secondary,Size_3,age_36_45,sex_male,,,159,159.0
369,18.451633131360296,254143.16784586804,66.37399025627532,Cooking_no,Lighting_yes,Refrigeration_yes,Urbanity_Urban,Education_Post_Secondary,Size_10,age_46_55,sex_male,,,86,86.0
372,17.17524180021141,224613.37256338,66.24343837486819,Cooking_yes,Lighting_yes,Refrigeration_yes,Urbanity_Urban,Education_Post_Graduate,Size_3,age_56_65,sex_male,,,29,29.0
373,18.70571343448171,236958.74051518054,62.91481791148149,Cooking_yes,Lighting_yes,Refrigeration_yes,Urbanity_Urban,Education_College,Size_4,age_46_55,sex_male,,,36,36.0
374,17.836547160516716,240389.48683645585,61.22068656718555,Cooking_yes,Lighting_yes,Refrigeration_yes,Urbanity_Urban,Education_College,Size_4,age_46_55,sex_male,,,33,33.0
377,16.41595913035789,180393.16061795127,46.70761418300923,Cooking_yes,Lighting_yes,Refrigeration_yes,Urbanity_Urban,Education_Post_Secondary,Size_3,age_36_45,sex_female,,,209,209.0
382,14.976968264194738,165745.1277835605,43.150562777513386,Cooking_yes,Lighting_yes,Refrigeration_yes,Urbanity_Urban,Education_Post_Secondary,Size_3,age_26_35,sex_male,,,90,90.0
383,15.11397190130198,196620.75149097387,52.87336255311773,Cooking_no,Lighting_yes,Refrigeration_yes,Urbanity_Urban,Education_Post_Secondary,Size_4,age_46_55,sex_female,,,23,23.0
384,15.934695422776926,214136.66546322906,56.14605069030499,Cooking_no,Lighting_yes,Refrigeration_yes,Urbanity_Urban,Education_College,Size_3,age_26_35,sex_female,,,80,80.0
385,16.485631825397434,224662.60103648988,58.471850790469276,Cooking_no,Lighting_yes,Refrigeration_yes,Urbanity_Rural,Education_College,Size_3,age_36_45,sex_female,,,262,262.0
388,16.541711471680927,198571.8070840881,52.76350840324973,Cooking_yes,Lighting_yes,Refrigeration_yes,Urbanity_Urban,Education_Post_Secondary,Size_4,age_46_55,sex_female,,,21,21.0
390,17.946363844367667,223785.27073728567,59.00766907299291,Cooking_yes,Lighting_yes,Refrigeration_yes,Urbanity_Urban,Education_College,Size_3,age_36_45,sex_female,,,189,189.0
394,12.263885586060695,91224.55023317899,25.661345480729686,Cooking_yes,Lighting_yes,Refrigeration_yes,Urbanity_Urban,Education_Elementary_School,Size_2,age_36_45,sex_male,,,63,63.0
395,15.360911603557028,214800.30582299648,55.7330771026506,Cooking_yes,Lighting_yes,Refrigeration_no,Urbanity_Urban,Education_College,Size_2,age_46_55,sex_male,,,35,35.0
399,13.862902933217597,131679.43726556704,34.305414943326376,Cooking_yes,Lighting_yes,Refrigeration_yes,Urbanity_Urban,Education_High_School,Size_2,age_36_45,sex_male,,,37,37.0
400,16.987787420113875,231672.22807792798,59.52674612028139,Cooking_yes,Lighting_yes,Refrigeration_yes,Urbanity_Urban,Education_College,Size_4,age_46_55,sex_male,,,34,34.0
401,16.09364742619853,228329.01506548736,58.466326835408154,Cooking_yes,Lighting_yes,Refrigeration_yes,Urbanity_Urban,Education_College,Size_3,age_46_55,sex_male,,,257,257.0
403,15.726814547660553,204442.99381137354,54.78354215804622,Cooking_yes,Lighting_yes,Refrigeration_yes,Urbanity_Urban,Education_Post_Secondary,Size_3,age_66_75,sex_male,,,6,6.0
404,16.343228271597283,199584.71726336802,53.33509115741481,Cooking_yes,Lighting_yes,Refrigeration_yes,Urbanity_Urban,Education_Post_Secondary,Size_3,age_66_75,sex_male,,,5,5.0
405,15.669771519714416,174108.3752394082,46.332745976570294,Cooking_yes,Lighting_yes,Refrigeration_yes,Urbanity_Urban,Education_Post_Secondary,Size_3,age_26_35,sex_male,,,98,98.0
410,16.085764388626075,220988.1713334545,60.59138575683963,Cooking_yes,Lighting_yes,Refrigeration_yes,Urbanity_Urban,Education_College,Size_2,age_46_55,sex_male,,,146,146.0
411,14.27025555350734,160288.57256128357,42.63407697791523,Cooking_yes,Lighting_yes,Refrigeration_yes,Urbanity_Urban,Education_Post_Secondary,Size_2,age_26_35,sex_male,,,11,11.0
413,18.196618103244205,223079.26336275652,57.420982479229636,Cooking_yes,Lighting_yes,Refrigeration_yes,Urbanity_Urban,Education_College,Size_3,age_36_45,sex_male,,,220,220.0
414,17.618733001112233,242966.2287344857,64.93822155930974,Cooking_yes,Lighting_yes,Refrigeration_yes,Urbanity_Urban,Education_College,Size_4,age_46_55,sex_female,,,11,11.0
415,15.565929230011434,174107.53783276904,46.27829685995927,Cooking_yes,Lighting_yes,Refrigeration_yes,Urbanity_Urban,Education_Post_Secondary,Size_3,age_36_45,sex_male,,,166,166.0
416,15.18454354672373,172606.4697622297,45.46566837797755,Cooking_yes,Lighting_yes,Refrigeration_yes,Urbanity_Urban,Education_Post_Secondary,Size_3,age_26_35,sex_male,,,87,87.0
423,16.091097482534664,212998.57177213408,57.74265895982353,Cooking_no,Lighting_yes,Refrigeration_yes,Urbanity_Urban,Education_Post_Secondary,Size_6,age_46_55,sex_male,,,21,21.0
424,17.441804603805934,255907.21697719907,66.22828458785725,Cooking_no,Lighting_yes,Refrigeration_yes,Urbanity_Rural,Education_College,Size_6,age_46_55,sex_male,,,100,100.0
429,15.292986469605296,180350.59226081238,48.36333630709312,Cooking_yes,Lighting_yes,Refrigeration_yes,Urbanity_Urban,Education_Post_Secondary,Size_3,age_36_45,sex_female,,,207,207.0
430,16.811909739525802,190315.34517045517,49.519977411328995,Cooking_yes,Lighting_yes,Refrigeration_yes,Urbanity_Urban,Education_Post_Secondary,Size_4,age_36_45,sex_male,,,1,1.0
433,18.96783641109124,266419.18391128536,73.31345668065092,Cooking_yes,Lighting_yes,Refrigeration_yes,Urbanity_Urban,Education_Post_Graduate,Size_8,age_36_45,sex_female,,,33,33.0
434,17.354238211547667,228927.63879534235,61.79311661968937,Cooking_yes,Lighting_yes,Refrigeration_yes,Urbanity_Urban,Education_Post_Secondary,Size_7,age_46_55,sex_female,,,52,52.0
436,19.09157961255771,258504.45601542768,66.55955867820742,Cooking_yes,Lighting_yes,Refrigeration_yes,Urbanity_Urban,Education_College,Size_7,age_36_45,sex_male,,,18,18.0
438,17.957056133216767,236238.77122383585,63.06940625105598,Cooking_yes,Lighting_yes,Refrigeration_yes,Urbanity_Urban,Education_College,Size_4,age_46_55,sex_male,,,29,29.0
441,15.578830764106854,198614.7411941813,52.294250192792674,Cooking_no,Lighting_yes,Refrigeration_yes,Urbanity_Urban,Education_Post_Secondary,Size_5,age_36_45,sex_male,,,8,8.0
442,18.633101859259952,264806.1810869221,70.46276068255753,Cooking_no,Lighting_yes,Refrigeration_yes,Urbanity_Urban,Education_College,Size_7,age_36_45,sex_male,,,16,16.0
444,15.489545258641854,192773.76278194558,51.21443824058217,Cooking_no,Lighting_yes,Refrigeration_yes,Urbanity_Urban,Education_Post_Secondary,Size_4,age_46_55,sex_male,,,44,44.0
445,14.985549863519338,189415.64556415827,50.136410070537835,Cooking_no,Lighting_yes,Refrigeration_yes,Urbanity_Urban,Education_Post_Secondary,Size_3,age_56_65,sex_male,,,3,3.0
446,15.022049676580806,188790.32868375926,49.794380786129054,Cooking_no,Lighting_yes,Refrigeration_yes,Urbanity_Urban,Education_Post_Secondary,Size_3,age_46_55,sex_male,,,263,263.0
447,14.69111728444831,177416.64732053425,47.536799333526716,Cooking_no,Lighting_yes,Refrigeration_yes,Urbanity_Urban,Education_Post_Secondary,Size_2,age_46_55,sex_male,,,120,120.0
448,14.53209635505246,167116.03949014493,42.613309811552554,Cooking_no,Lighting_yes,Refrigeration_yes,Urbanity_Urban,Education_Post_Secondary,Size_2,age_36_45,sex_male,,,95,95.0
449,15.896336005771175,191030.63414730565,52.996343245100874,Cooking_yes,Lighting_yes,Refrigeration_yes,Urbanity_Urban,Education_Post_Secondary,Size_3,age_46_55,sex_female,,,249,249.0
451,16.953938970212675,225248.3787375346,64.20114806455146,Cooking_yes,Lighting_yes,Refrigeration_yes,Urbanity_Urban,Education_Post_Graduate,Size_4,age_46_55,sex_female,,,41,41.0
452,16.71142426542005,224124.7876962616,56.10585651300974,Cooking_yes,Lighting_yes,Refrigeration_yes,Urbanity_Rural,Education_College,Size_3,age_36_45,sex_male,,,264,264.0
455,17.472247689031946,222898.9666431727,60.37956464340772,Cooking_yes,Lighting_yes,Refrigeration_yes,Urbanity_Urban,Education_Post_Secondary,Size_7,age_36_45,sex_female,,,9,9.0
458,16.389633854418463,194032.3422482904,55.398276322895,Cooking_yes,Lighting_yes,Refrigeration_yes,Urbanity_Urban,Education_Post_Graduate,Size_2,age_36_45,sex_male,,,156,156.0
459,15.322704314074073,194761.21791746005,51.98758468158647,Cooking_no,Lighting_yes,Refrigeration_yes,Urbanity_Urban,Education_Post_Secondary,Size_4,age_46_55,sex_male,,,43,43.0
460,14.634404393990522,171999.17683949842,46.30723369123518,Cooking_no,Lighting_yes,Refrigeration_yes,Urbanity_Urban,Education_Post_Secondary,Size_2,age_36_45,sex_female,,,87,87.0
461,15.856191828683649,224116.64082804217,59.51704486595807,Cooking_no,Lighting_yes,Refrigeration_yes,Urbanity_Urban,Education_College,Size_3,age_46_55,sex_male,,,264,264.0
462,16.359510869934752,225516.7906896197,58.861906707500594,Cooking_no,Lighting_yes,Refrigeration_yes,Urbanity_Urban,Education_College,Size_3,age_46_55,sex_male,,,267,267.0
463,15.012910403110396,190864.3801539813,50.6028056124553,Cooking_no,Lighting_yes,Refrigeration_yes,Urbanity_Urban,Education_Post_Secondary,Size_4,age_46_55,sex_male,,,37,37.0
464,16.57214259203299,202474.63763675152,52.0547165779807,Cooking_no,Lighting_yes,Refrigeration_yes,Urbanity_Urban,Education_Post_Secondary,Size_5,age_46_55,sex_male,,,45,45.0
466,17.215442093388788,236314.2604495953,66.7932033477722,Cooking_no,Lighting_yes,Refrigeration_yes,Urbanity_Urban,Education_Post_Graduate,Size_5,age_46_55,sex_male,,,76,76.0
468,17.190664259008983,247142.42375740965,70.1987576136218,Cooking_no,Lighting_yes,Refrigeration_yes,Urbanity_Urban,Education_Post_Graduate,Size_7,age_36_45,sex_male,,,54,54.0
474,17.754856406437156,246776.24849482003,70.83389240193745,Cooking_yes,Lighting_yes,Refrigeration_yes,Urbanity_Urban,Education_Post_Graduate,Size_7,age_36_45,sex_male,,,50,50.0
475,17.67305640413346,233024.1144108823,60.994383836692435,Cooking_yes,Lighting_yes,Refrigeration_yes,Urbanity_Urban,Education_College,Size_3,age_46_55,sex_female,,,230,230.0
476,16.734352025628766,231040.10346380816,60.35959451288046,Cooking_no,Lighting_yes,Refrigeration_yes,Urbanity_Urban,Education_College,Size_3,age_46_55,sex_male,,,261,261.0
482,15.637459141615054,192932.69776347364,49.77641080547248,Cooking_no,Lighting_yes,Refrigeration_yes,Urbanity_Urban,Education_Post_Secondary,Size_3,age_46_55,sex_female,,,242,242.0
485,16.225283533971663,180663.68757901012,47.83681604510875,Cooking_yes,Lighting_yes,Refrigeration_yes,Urbanity_Urban,Education_Post_Secondary,Size_3,age_26_35,sex_female,,,109,109.0
486,15.735620132658383,185851.5422520237,50.22076237297077,Cooking_yes,Lighting_yes,Refrigeration_yes,Urbanity_Urban,Education_Post_Secondary,Size_3,age_46_55,sex_female,,,250,250.0
487,13.841502316505185,153877.23617418547,42.12798582169901,Cooking_yes,Lighting_yes,Refrigeration_yes,Urbanity_Urban,Education_High_School,Size_3,age_46_55,sex_female,,,111,111.0
491,14.540509484257214,165440.96348453866,42.17709520815848,Cooking_no,Lighting_yes,Refrigeration_yes,Urbanity_Urban,Education_Post_Secondary,Size_2,age_36_45,sex_male,,,100,100.0
492,16.244312847727173,219019.83826342376,59.24631154422151,Cooking_no,Lighting_yes,Refrigeration_yes,Urbanity_Urban,Education_College,Size_2,age_46_55,sex_female,,,154,154.0
493,14.886642285336876,171965.21410944712,46.170813566798145,Cooking_no,Lighting_yes,Refrigeration_yes,Urbanity_Urban,Education_Post_Secondary,Size_2,age_46_55,sex_male,,,138,138.0
494,16.376109616032466,201069.3416157896,54.11831377415457,Cooking_no,Lighting_yes,Refrigeration_yes,Urbanity_Urban,Education_Post_Secondary,Size_3,age_76_85,sex_male,,,11,11.0
495,15.449097659968544,176203.74765446023,47.792415462674626,Cooking_yes,Lighting_yes,Refrigeration_yes,Urbanity_Urban,Education_Post_Secondary,Size_3,age_36_45,sex_female,,,163,163.0
496,16.163893810483728,174756.19243455198,46.02593683485759,Cooking_yes,Lighting_yes,Refrigeration_yes,Urbanity_Urban,Education_Post_Secondary,Size_3,age_26_35,sex_male,,,90,90.0
497,15.326971082558046,191254.45971482122,48.905472066150836,Cooking_no,Lighting_yes,Refrigeration_yes,Urbanity_Urban,Education_Post_Secondary,Size_3,age_56_65,sex_male,,,2,2.0
501,16.01195403217511,200786.43082898343,55.09994911169143,Cooking_yes,Lighting_yes,Refrigeration_yes,Urbanity_Urban,Education_Post_Secondary,Size_5,age_46_55,sex_male,,,43,43.0
502,18.100748687505472,239551.9268001705,62.019706282739406,Cooking_yes,Lighting_yes,Refrigeration_yes,Urbanity_Urban,Education_College,Size_4,age_46_55,sex_female,,,13,13.0
503,16.992024398826516,238570.88397862625,66.96627654179917,Cooking_no,Lighting_yes,Refrigeration_yes,Urbanity_Urban,Education_Post_Graduate,Size_4,age_46_55,sex_female,,,51,51.0
505,16.64108904057872,196083.7042126924,53.04910670457602,Cooking_no,Lighting_yes,Refrigeration_yes,Urbanity_Urban,Education_Post_Secondary,Size_4,age_46_55,sex_male,,,46,46.0
507,15.360715564499742,179383.4327464831,48.36312504533085,Cooking_no,Lighting_yes,Refrigeration_yes,Urbanity_Urban,Education_Post_Secondary,Size_3,age_36_45,sex_female,,,159,159.0
508,16.009282792664536,221590.05530004847,63.35180930649227,Cooking_no,Lighting_yes,Refrigeration_yes,Urbanity_Urban,Education_Post_Graduate,Size_4,age_36_45,sex_female,,,10,10.0
509,15.545337945433573,203228.58265554853,57.82105933822734,Cooking_no,Lighting_yes,Refrigeration_yes,Urbanity_Urban,Education_Post_Graduate,Size_3,age_36_45,sex_male,,,256,256.0
510,15.510820391003946,196394.8606020881,51.96826531076131,Cooking_no,Lighting_yes,Refrigeration_yes,Urbanity_Urban,Education_Post_Secondary,Size_4,age_46_55,sex_male,,,41,41.0
511,15.166169472103363,185031.7606094189,49.27586021079837,Cooking_no,Lighting_yes,Refrigeration_yes,Urbanity_Urban,Education_Post_Secondary,Size_3,age_46_55,sex_male,,,257,257.0
512,17.104651830103677,223720.9387252311,58.923796069609864,Cooking_yes,Lighting_yes,Refrigeration_yes,Urbanity_Urban,Education_College,Size_2,age_46_55,sex_female,,,142,142.0
516,15.495118178214412,192943.71584954805,54.401557076583046,Cooking_no,Lighting_yes,Refrigeration_yes,Urbanity_Urban,Education_Post_Graduate,Size_2,age_26_35,sex_female,,,18,18.0
518,17.36932743306049,238745.7233384,62.355157481057844,Cooking_yes,Lighting_yes,Refrigeration_yes,Urbanity_Urban,Education_College,Size_4,age_46_55,sex_male,,,31,31.0
520,15.948699997521913,204366.9033790316,54.04735626510917,Cooking_yes,Lighting_yes,Refrigeration_yes,Urbanity_Urban,Education_Post_Secondary,Size_5,age_46_55,sex_male,,,49,49.0
521,18.08572983106393,248229.2898287261,65.7771132784621,Cooking_yes,Lighting_yes,Refrigeration_yes,Urbanity_Urban,Education_College,Size_4,age_46_55,sex_female,,,7,7.0
525,16.126718253530257,163349.85895400034,41.885751669658816,Cooking_yes,Lighting_yes,Refrigeration_yes,Urbanity_Urban,Education_Post_Secondary,Size_3,age_19_25,sex_male,,,1,1.0
528,16.281915495504776,203730.40244536847,56.635747857678226,Cooking_yes,Lighting_yes,Refrigeration_yes,Urbanity_Urban,Education_Post_Graduate,Size_3,age_26_35,sex_male,,,149,149.0
529,16.491527610078805,206689.33105350702,56.38062857858789,Cooking_no,Lighting_yes,Refrigeration_yes,Urbanity_Urban,Education_Post_Graduate,Size_3,age_36_45,sex_male,,,247,247.0
530,17.05964977275032,208677.18122622845,60.20588978249599,Cooking_yes,Lighting_yes,Refrigeration_yes,Urbanity_Urban,Education_Post_Graduate,Size_3,age_36_45,sex_female,,,243,243.0
531,15.337361053085758,188940.37106142138,50.75753906361096,Cooking_no,Lighting_yes,Refrigeration_yes,Urbanity_Urban,Education_Post_Secondary,Size_4,age_36_45,sex_male,,,3,3.0
533,17.155985437266096,238132.40674753836,59.58882135342506,Cooking_no,Lighting_yes,Refrigeration_yes,Urbanity_Rural,Education_College,Size_4,age_46_55,sex_male,,,134,134.0
541,14.81528701169961,187210.4745065727,49.0229014259656,Cooking_no,Lighting_yes,Refrigeration_yes,Urbanity_Urban,Education_Post_Secondary,Size_3,age_46_55,sex_female,,,250,250.0
542,16.888520702871148,243458.40812816672,62.627809557916706,Cooking_no,Lighting_yes,Refrigeration_yes,Urbanity_Urban,Education_College,Size_4,age_46_55,sex_female,,,13,13.0
543,16.429608365872312,190739.59399335406,49.32123593301242,Cooking_yes,Lighting_yes,Refrigeration_yes,Urbanity_Urban,Education_Post_Secondary,Size_4,age_36_45,sex_male,,,2,2.0
546,15.514844821359858,186762.34313161444,49.37957497381129,Cooking_no,Lighting_yes,Refrigeration_yes,Urbanity_Urban,Education_Post_Secondary,Size_3,age_46_55,sex_male,,,285,285.0
548,15.652159874573869,180890.011412239,47.30747582520256,Cooking_yes,Lighting_yes,Refrigeration_yes,Urbanity_Urban,Education_Post_Secondary,Size_2,age_46_55,sex_female,,,154,154.0
549,15.063026102627802,164014.22043626427,44.076808326307145,Cooking_yes,Lighting_yes,Refrigeration_yes,Urbanity_Urban,Education_Post_Secondary,Size_2,age_36_45,sex_male,,,103,103.0
550,16.86574176593126,208426.42957902013,54.615178534050585,Cooking_yes,Lighting_yes,Refrigeration_yes,Urbanity_Urban,Education_College,Size_2,age_36_45,sex_male,,,106,106.0
554,14.836667809519597,172798.188457982,45.85819981857624,Cooking_no,Lighting_yes,Refrigeration_yes,Urbanity_Urban,Education_Post_Secondary,Size_2,age_36_45,sex_female,,,82,82.0
556,16.1003369958337,195776.69453830854,56.24843917614956,Cooking_yes,Lighting_yes,Refrigeration_yes,Urbanity_Urban,Education_Post_Graduate,Size_2,age_26_35,sex_female,,,18,18.0
559,17.3688550266733,225421.3818344773,59.675795111556994,Cooking_yes,Lighting_yes,Refrigeration_yes,Urbanity_Urban,Education_College,Size_3,age_36_45,sex_female,,,196,196.0
561,16.068031815669016,204622.8561353753,53.06269289101064,Cooking_yes,Lighting_yes,Refrigeration_yes,Urbanity_Urban,Education_Post_Secondary,Size_5,age_46_55,sex_male,,,48,48.0
562,16.25341050015011,216329.04499345785,54.05308363920969,Cooking_yes,Lighting_yes,Refrigeration_yes,Urbanity_Urban,Education_College,Size_3,age_26_35,sex_male,,,98,98.0
565,11.481349060936374,95050.19144335669,26.524873420503965,Cooking_no,Lighting_yes,Refrigeration_yes,Urbanity_Urban,Education_Elementary_School,Size_2,age_36_45,sex_male,,,63,63.0
567,13.836984023126362,126113.7362767088,35.288068663476196,Cooking_yes,Lighting_yes,Refrigeration_yes,Urbanity_Urban,Education_Elementary_School,Size_4,age_46_55,sex_female,,,11,11.0
568,14.9526579832485,166621.8954079011,44.160484969052376,Cooking_yes,Lighting_yes,Refrigeration_yes,Urbanity_Urban,Education_Post_Secondary,Size_3,age_26_35,sex_male,,,90,90.0
569,16.050152549744368,191589.9618921947,50.75040796130665,Cooking_yes,Lighting_yes,Refrigeration_yes,Urbanity_Urban,Education_Post_Secondary,Size_3,age_46_55,sex_male,,,271,271.0
570,18.95919560188858,248881.9437616788,65.65759085573538,Cooking_no,Lighting_yes,Refrigeration_yes,Urbanity_Urban,Education_College,Size_5,age_46_55,sex_male,,,41,41.0
571,15.603132046990055,196704.44742409678,51.386724406332306,Cooking_no,Lighting_yes,Refrigeration_yes,Urbanity_Urban,Education_Post_Secondary,Size_4,age_46_55,sex_male,,,40,40.0
572,14.184818522703253,167311.93287887724,44.96441515604437,Cooking_no,Lighting_yes,Refrigeration_yes,Urbanity_Urban,Education_Post_Secondary,Size_3,age_19_25,sex_male,,,1,1.0
574,14.171285323333763,154482.99824672876,41.916244455264646,Cooking_no,Lighting_yes,Refrigeration_yes,Urbanity_Urban,Education_Post_Secondary,Size_2,age_26_35,sex_male,,,6,6.0
577,16.75744228741489,200935.40440102905,55.46582468489758,Cooking_yes,Lighting_yes,Refrigeration_yes,Urbanity_Urban,Education_Post_Graduate,Size_3,age_26_35,sex_female,,,117,117.0
581,14.72148986655192,141548.48948076245,35.36615784682235,Cooking_yes,Lighting_yes,Refrigeration_yes,Urbanity_Urban,Education_Post_Secondary,Size_3,age_46_55,sex_male,,,215,215.0
587,18.672024356860078,227340.16013406802,65.21309709584622,Cooking_yes,Lighting_yes,Refrigeration_yes,Urbanity_Urban,Education_Post_Graduate,Size_3,age_66_75,sex_male,,,33,33.0
588,18.465736358288595,211378.6053136139,56.55906141894191,Cooking_yes,Lighting_yes,Refrigeration_yes,Urbanity_Urban,Education_Post_Secondary,Size_6,age_46_55,sex_male,,,21,21.0
589,14.18975313662746,178499.29239725732,46.63580199662354,Cooking_yes,Lighting_yes,Refrigeration_yes,Urbanity_Urban,Education_Post_Secondary,Size_3,age_36_45,sex_male,,,172,172.0
592,15.6979469697378,184961.0920630907,47.877614347215854,Cooking_no,Lighting_yes,Refrigeration_yes,Urbanity_Urban,Education_Post_Secondary,Size_4,age_36_45,sex_male,,,2,2.0
598,19.57974950321612,253481.1533261557,65.58208587388516,Cooking_yes,Lighting_yes,Refrigeration_yes,Urbanity_Urban,Education_College,Size_6,age_46_55,sex_male,,,10,10.0
599,17.303742644913697,221494.6312748711,60.33846392266439,Cooking_yes,Lighting_yes,Refrigeration_yes,Urbanity_Urban,Education_Post_Graduate,Size_3,age_56_65,sex_male,,,28,28.0
600,15.471044691940108,188526.69555961294,50.18746948019023,Cooking_no,Lighting_yes,Refrigeration_yes,Urbanity_Urban,Education_Post_Secondary,Size_3,age_36_45,sex_female,,,204,204.0
601,15.649007196886146,191588.18287952477,50.7430848239311,Cooking_no,Lighting_yes,Refrigeration_yes,Urbanity_Urban,Education_Post_Secondary,Size_3,age_56_65,sex_male,,,3,3.0
602,16.701832454862327,201080.036731605,51.28351475120347,Cooking_yes,Lighting_yes,Refrigeration_yes,Urbanity_Urban,Education_Post_Secondary,Size_5,age_36_45,sex_male,,,8,8.0
607,16.316152209514343,207622.21533742023,53.22732259373775,Cooking_yes,Lighting_yes,Refrigeration_yes,Urbanity_Urban,Education_Post_Secondary,Size_5,age_46_55,sex_male,,,48,48.0
608,16.55696377089255,204920.35160773547,53.9309333609752,Cooking_yes,Lighting_yes,Refrigeration_yes,Urbanity_Urban,Education_Post_Secondary,Size_5,age_46_55,sex_male,,,45,45.0
612,18.085829710010103,216763.53946323914,57.53486108524751,Cooking_yes,Lighting_yes,Refrigeration_yes,Urbanity_Urban,Education_College,Size_2,age_46_55,sex_female,,,145,145.0
615,15.623192139849323,185866.99183213513,49.198607462741435,Cooking_no,Lighting_yes,Refrigeration_yes,Urbanity_Urban,Education_Post_Secondary,Size_3,age_36_45,sex_female,,,210,210.0
616,16.793053257743253,222252.7988370245,58.076964622436876,Cooking_yes,Lighting_yes,Refrigeration_yes,Urbanity_Urban,Education_College,Size_3,age_36_45,sex_female,,,205,205.0
617,17.750359439693582,230129.67934550173,59.93834487657789,Cooking_yes,Lighting_yes,Refrigeration_yes,Urbanity_Urban,Education_College,Size_3,age_46_55,sex_male,,,252,252.0
618,16.906282393748725,226353.7022381417,59.11440578320166,Cooking_no,Lighting_yes,Refrigeration_yes,Urbanity_Urban,Education_College,Size_3,age_46_55,sex_male,,,262,262.0
619,14.278837181225228,143377.41076787387,38.72268835705795,Cooking_yes,Lighting_yes,Refrigeration_yes,Urbanity_Urban,Education_High_School,Size_3,age_36_45,sex_male,,,88,88.0
620,19.10982166331445,259907.8916576895,68.55016050779828,Cooking_yes,Lighting_yes,Refrigeration_yes,Urbanity_Urban,Education_College,Size_6,age_46_55,sex_male,,,9,9.0
621,17.038299879917574,235803.8589428929,62.68506659660997,Cooking_no,Lighting_yes,Refrigeration_yes,Urbanity_Urban,Education_Post_Secondary,Size_8,age_36_45,sex_female,,,7,7.0
623,17.50255309759629,236115.6205796784,62.37783093294118,Cooking_yes,Lighting_yes,Refrigeration_yes,Urbanity_Urban,Education_College,Size_4,age_46_55,sex_male,,,37,37.0
627,15.09749433754152,197530.0821445182,52.99485640150594,Cooking_no,Lighting_yes,Refrigeration_yes,Urbanity_Urban,Education_Post_Secondary,Size_4,age_46_55,sex_female,,,29,29.0
630,15.843250871194073,214004.62505482216,55.7013010030834,Cooking_yes,Lighting_yes,Refrigeration_yes,Urbanity_Urban,Education_College,Size_2,age_36_45,sex_female,,,99,99.0
631,18.22025809903333,216567.6501657316,56.47478785379208,Cooking_yes,Lighting_yes,Refrigeration_yes,Urbanity_Urban,Education_College,Size_2,age_46_55,sex_male,,,149,149.0
632,16.976685189357823,241310.2927447272,62.77396329258664,Cooking_yes,Lighting_yes,Refrigeration_yes,Urbanity_Urban,Education_College,Size_4,age_46_55,sex_male,,,31,31.0
636,15.802251571593715,199834.08446993073,52.87299863734053,Cooking_yes,Lighting_yes,Refrigeration_yes,Urbanity_Urban,Education_Post_Secondary,Size_5,age_36_45,sex_male,,,10,10.0
637,15.406112608983705,187105.10073749238,49.29970451343752,Cooking_yes,Lighting_yes,Refrigeration_yes,Urbanity_Urban,Education_Post_Secondary,Size_4,age_36_45,sex_male,,,2,2.0
638,15.331696817058983,180282.45661833952,46.97707025865293,Cooking_yes,Lighting_yes,Refrigeration_yes,Urbanity_Urban,Education_Post_Secondary,Size_3,age_36_45,sex_male,,,224,224.0
642,17.91018986588672,225810.08652438386,59.182561855980566,Cooking_yes,Lighting_yes,Refrigeration_yes,Urbanity_Urban,Education_College,Size_3,age_46_55,sex_male,,,271,271.0
643,17.654855343017147,220150.05023104238,57.310202175610385,Cooking_yes,Lighting_yes,Refrigeration_yes,Urbanity_Urban,Education_College,Size_3,age_36_45,sex_male,,,221,221.0
647,15.727650699414028,170228.50872950375,42.9698285017173,Cooking_yes,Lighting_yes,Refrigeration_yes,Urbanity_Urban,Education_Post_Secondary,Size_3,age_26_35,sex_male,,,96,96.0
648,16.149331644011724,196805.85399246606,54.96790801753892,Cooking_yes,Lighting_yes,Refrigeration_yes,Urbanity_Urban,Education_Post_Secondary,Size_4,age_46_55,sex_male,,,37,37.0
655,18.38606107858601,241626.22726219826,66.54965773134418,Cooking_yes,Lighting_yes,Refrigeration_yes,Urbanity_Urban,Education_College,Size_5,age_46_55,sex_male,,,33,33.0
656,15.040188049541598,148578.33444830074,40.34416587423301,Cooking_no,Lighting_yes,Refrigeration_yes,Urbanity_Urban,Education_High_School,Size_3,age_46_55,sex_male,,,119,119.0
657,17.090905098940823,224503.5914067065,62.89845606607042,Cooking_yes,Lighting_yes,Refrigeration_yes,Urbanity_Urban,Education_Post_Graduate,Size_4,age_36_45,sex_female,,,11,11.0
658,14.126810704956014,120129.06178818812,33.32674012098372,Cooking_yes,Lighting_yes,Refrigeration_yes,Urbanity_Urban,Education_Elementary_School,Size_4,age_46_55,sex_male,,,16,16.0
659,17.847455866163784,241726.2455047325,62.979143842117224,Cooking_yes,Lighting_yes,Refrigeration_yes,Urbanity_Urban,Education_College,Size_5,age_46_55,sex_male,,,38,38.0
662,17.844431697873645,234153.78422340602,61.44807080168704,Cooking_yes,Lighting_yes,Refrigeration_yes,Urbanity_Urban,Education_Post_Secondary,Size_8,age_46_55,sex_male,,,70,70.0
668,16.94775049890572,226300.8722064572,60.41846135248352,Cooking_yes,Lighting_yes,Refrigeration_yes,Urbanity_Urban,Education_Post_Secondary,Size_7,age_46_55,sex_male,,,81,81.0
669,16.721734747182424,218324.39493419492,55.62177122605905,Cooking_yes,Lighting_yes,Refrigeration_yes,Urbanity_Urban,Education_College,Size_2,age_46_55,sex_male,,,164,164.0
670,17.059106479926186,223008.91300958552,59.60487626957496,Cooking_yes,Lighting_yes,Refrigeration_yes,Urbanity_Urban,Education_College,Size_2,age_46_55,sex_female,,,146,146.0
674,18.22271843551877,227383.14942319,56.68255504987994,Cooking_yes,Lighting_yes,Refrigeration_yes,Urbanity_Urban,Education_College,Size_3,age_46_55,sex_male,,,242,242.0
676,15.11322041231412,209242.62260551905,55.4512171129623,Cooking_no,Lighting_yes,Refrigeration_yes,Urbanity_Urban,Education_Post_Secondary,Size_5,age_46_55,sex_male,,,51,51.0
677,17.21894128080045,263194.4119000623,68.86673553642018,Cooking_no,Lighting_yes,Refrigeration_yes,Urbanity_Urban,Education_College,Size_6,age_46_55,sex_male,,,7,7.0
678,16.467082044905595,219063.16843045983,60.71831243863201,Cooking_yes,Lighting_yes,Refrigeration_yes,Urbanity_Urban,Education_Post_Graduate,Size_3,age_56_65,sex_male,,,30,30.0
681,16.09067216433,206293.4043530937,56.821698448026424,Cooking_yes,Lighting_yes,Refrigeration_yes,Urbanity_Urban,Education_Post_Secondary,Size_5,age_46_55,sex_male,,,47,47.0
682,16.262403228104418,188925.90881198694,49.58158684825828,Cooking_yes,Lighting_yes,Refrigeration_yes,Urbanity_Urban,Education_Post_Secondary,Size_4,age_36_45,sex_male,,,1,1.0
684,15.823158448896152,171439.41729396582,42.04359079879394,Cooking_yes,Lighting_yes,Refrigeration_yes,Urbanity_Urban,Education_College,Size_3,age_36_45,sex_male,,,180,180.0
685,15.531156205158766,170911.36629749395,46.73574448268276,Cooking_yes,Lighting_yes,Refrigeration_yes,Urbanity_Urban,Education_Post_Secondary,Size_3,age_26_35,sex_male,,,82,82.0
686,16.564046757657835,211066.45276309585,56.0824900112561,Cooking_yes,Lighting_yes,Refrigeration_yes,Urbanity_Urban,Education_College,Size_3,age_26_35,sex_male,,,103,103.0
687,11.49223933155637,103088.9409891541,29.13893170798596,Cooking_no,Lighting_yes,Refrigeration_yes,Urbanity_Urban,Education_Elementary_School,Size_3,age_36_45,sex_male,,,123,123.0
693,16.898859604763032,230481.03694214308,59.46441438018364,Cooking_yes,Lighting_yes,Refrigeration_yes,Urbanity_Rural,Education_College,Size_5,age_26_35,sex_male,,,7,7.0
